(3.5, 30.1, -15.2);(0.7583185);(0.0, -5.1, 0.0);(-13.6, 1.0, 1.2)
(3.5, 30.0, -15.2);(0.7586755);(0.0, -5.2, 0.0);(-13.6, 1.0, 1.2)
(3.5, 29.9, -15.2);(0.759031);(0.0, -5.4, 0.0);(-13.6, 1.0, 1.2)
(3.5, 29.7, -15.2);(0.759385);(0.0, -5.6, 0.0);(-13.6, 1.0, 1.2)
(3.5, 29.6, -15.2);(0.7597377);(0.0, -5.8, 0.0);(-13.6, 1.0, 1.2)
(3.5, 29.5, -15.2);(0.7600892);(0.0, -6.0, 0.0);(-13.6, 1.0, 1.2)
(3.5, 29.4, -15.2);(0.7604392);(0.0, -6.2, 0.0);(-13.6, 1.0, 1.2)
(3.5, 29.3, -15.2);(0.7607878);(0.0, -6.4, 0.0);(-13.6, 1.0, 1.2)
(3.5, 29.1, -15.2);(0.761135);(0.0, -6.5, 0.0);(-13.6, 1.0, 1.2)
(3.5, 29.0, -15.2);(0.7614809);(0.0, -6.7, 0.0);(-13.6, 1.0, 1.2)
(3.5, 28.9, -15.2);(0.7618254);(0.0, -6.9, 0.0);(-13.6, 1.0, 1.2)
(3.5, 28.7, -15.2);(0.7621686);(0.0, -7.1, 0.0);(-13.6, 1.0, 1.2)
(3.5, 28.6, -15.2);(0.7625105);(0.0, -7.3, 0.0);(-13.6, 1.0, 1.2)
(3.5, 28.4, -15.2);(0.7628511);(0.0, -7.4, 0.0);(-13.6, 1.0, 1.2)
(3.5, 28.3, -15.2);(0.7631902);(0.0, -7.6, 0.0);(-13.6, 1.0, 1.2)
(3.5, 28.1, -15.2);(0.763528);(0.0, -7.8, 0.0);(-13.6, 1.0, 1.2)
(3.5, 28.0, -15.2);(0.7638646);(0.0, -8.0, 0.0);(-13.6, 1.0, 1.2)
(3.5, 27.8, -15.2);(0.7641999);(0.0, -8.2, 0.0);(-13.6, 1.0, 1.2)
(3.5, 27.6, -15.2);(0.7645338);(0.0, -8.3, 0.0);(-13.6, 1.0, 1.2)
(3.5, 27.4, -15.2);(0.7648664);(0.0, -8.5, 0.0);(-13.6, 1.0, 1.2)
(3.5, 27.3, -15.2);(0.7651976);(0.0, -8.7, 0.0);(-13.6, 1.0, 1.2)
(3.5, 27.1, -15.2);(0.7655277);(0.0, -8.9, 0.0);(-13.6, 1.0, 1.2)
(3.5, 26.9, -15.2);(0.7658564);(0.0, -9.1, 0.0);(-13.6, 1.0, 1.2)
(3.5, 26.7, -15.2);(0.7661838);(0.0, -9.2, 0.0);(-13.6, 1.0, 1.2)
(3.5, 26.5, -15.2);(0.76651);(0.0, -9.4, 0.0);(-13.6, 1.0, 1.2)
(3.5, 26.3, -15.2);(0.7668349);(0.0, -9.6, 0.0);(-13.6, 1.0, 1.2)
(3.5, 26.2, -15.2);(0.7671584);(0.0, -9.8, 0.0);(-13.6, 1.0, 1.2)
(3.5, 26.0, -15.2);(0.7674807);(0.0, -9.9, 0.0);(-13.6, 1.0, 1.2)
(3.5, 25.8, -15.2);(0.7678018);(0.0, -10.1, 0.0);(-13.6, 1.0, 1.2)
(3.5, 25.5, -15.2);(0.7681216);(0.0, -10.3, 0.0);(-13.6, 1.0, 1.2)
(3.5, 25.3, -15.2);(0.7684401);(0.0, -10.5, 0.0);(-13.6, 1.0, 1.2)
(3.5, 25.1, -15.2);(0.7687574);(0.0, -10.6, 0.0);(-13.6, 1.0, 1.2)
(3.5, 24.9, -15.2);(0.7690735);(0.0, -10.8, 0.0);(-13.6, 1.0, 1.2)
(3.5, 24.7, -15.2);(0.7693884);(0.0, -11.0, 0.0);(-13.6, 1.0, 1.2)
(3.5, 24.5, -15.2);(0.769702);(0.0, -11.2, 0.0);(-13.6, 1.0, 1.2)
(3.5, 24.2, -15.2);(0.7700143);(0.0, -11.3, 0.0);(-13.6, 1.0, 1.2)
(3.5, 24.0, -15.2);(0.7703255);(0.0, -11.5, 0.0);(-13.6, 1.0, 1.2)
(3.5, 23.8, -15.2);(0.7706354);(0.0, -11.7, 0.0);(-13.6, 1.0, 1.2)
(3.5, 23.5, -15.2);(0.7709442);(0.0, -11.9, 0.0);(-13.6, 1.0, 1.2)
(3.5, 23.3, -15.2);(0.7712516);(0.0, -12.0, 0.0);(-13.6, 1.0, 1.2)
(3.5, 23.0, -15.2);(0.7715579);(0.0, -12.2, 0.0);(-13.6, 1.0, 1.2)
(3.5, 22.8, -15.2);(0.771863);(0.0, -12.4, 0.0);(-13.6, 1.0, 1.2)
(3.5, 22.5, -15.2);(0.7721668);(0.0, -12.5, 0.0);(-13.6, 1.0, 1.2)
(3.5, 22.3, -15.2);(0.7724696);(0.0, -12.7, 0.0);(-13.6, 1.0, 1.2)
(3.5, 22.0, -15.2);(0.7733824);(0.0, -12.9, 0.1);(-13.6, 1.0, 1.2)
(3.5, 21.8, -15.2);(0.7759138);(0.1, -13.1, 0.1);(-13.6, 1.0, 1.2)
(3.5, 21.5, -15.2);(0.7819595);(0.3, -13.3, 0.2);(-13.6, 1.0, 1.2)
(3.5, 21.2, -15.2);(0.7900463);(0.5, -13.4, 0.3);(-13.6, 1.0, 1.2)
(3.6, 20.9, -15.1);(0.8004457);(0.7, -13.6, 0.4);(-13.6, 1.0, 1.2)
(3.6, 20.6, -15.1);(0.8111389);(0.8, -13.7, 0.4);(-13.6, 1.0, 1.2)
(3.6, 20.4, -15.1);(0.8219287);(0.9, -13.8, 0.4);(-13.6, 1.0, 1.2)
(3.7, 20.1, -15.1);(0.832198);(1.0, -13.9, 0.3);(-13.6, 1.0, 1.2)
(3.7, 19.8, -15.1);(0.8415558);(1.1, -14.0, 0.3);(-13.6, 1.0, 1.2)
(3.8, 19.5, -15.1);(0.8498023);(1.1, -14.1, 0.3);(-13.6, 1.0, 1.2)
(3.8, 19.2, -15.1);(0.8568327);(1.2, -14.1, 0.2);(-13.6, 1.0, 1.2)
(3.9, 18.9, -15.1);(0.8622345);(1.3, -14.1, 0.2);(-13.6, 1.0, 1.2)
(3.9, 18.6, -15.1);(0.8664579);(1.2, -14.1, 0.3);(-13.6, 1.0, 1.2)
(4.0, 18.3, -15.1);(0.8692029);(1.1, -14.1, 0.3);(-13.6, 1.0, 1.2)
(4.0, 18.0, -15.1);(0.8725463);(1.1, -14.0, 0.6);(-13.6, 1.0, 1.2)
(4.1, 17.8, -15.1);(0.8763018);(1.1, -13.9, 0.8);(-13.6, 1.0, 1.2)
(4.1, 17.5, -15.0);(0.8799872);(1.1, -13.8, 1.0);(-13.6, 1.0, 1.2)
(4.1, 17.2, -15.0);(0.8829287);(1.1, -13.6, 1.1);(-13.6, 1.0, 1.2)
(4.2, 16.9, -15.0);(0.8869811);(1.2, -13.5, 1.3);(-13.6, 1.0, 1.2)
(4.2, 16.7, -15.0);(0.8900265);(1.2, -13.3, 1.4);(-13.6, 1.0, 1.2)
(4.3, 16.4, -14.9);(0.8950124);(1.4, -13.2, 1.7);(-13.6, 1.0, 1.2)
(4.3, 16.1, -14.9);(0.898046);(1.3, -13.1, 1.7);(-13.6, 1.0, 1.2)
(4.3, 15.9, -14.8);(0.902589);(1.3, -12.9, 2.0);(-13.6, 1.0, 1.2)
(4.4, 15.6, -14.8);(0.9069523);(1.5, -12.6, 2.1);(-13.6, 1.0, 1.2)
(4.4, 15.3, -14.7);(0.9087582);(1.4, -12.5, 2.1);(-13.6, 1.0, 1.2)
(4.5, 15.1, -14.7);(0.9124443);(1.3, -12.4, 2.4);(-13.6, 1.0, 1.2)
(4.5, 14.8, -14.6);(0.9177603);(1.3, -12.2, 2.7);(-13.6, 1.0, 1.2)
(4.5, 14.6, -14.6);(0.9201774);(1.4, -12.0, 2.6);(-13.6, 1.0, 1.2)
(4.6, 14.4, -14.5);(0.9249579);(1.6, -11.9, 2.9);(-13.6, 1.0, 1.2)
(4.6, 14.1, -14.4);(0.9276215);(1.5, -11.8, 2.8);(-13.6, 1.0, 1.2)
(4.7, 13.9, -14.4);(0.9305866);(1.4, -11.6, 3.0);(-13.6, 1.0, 1.2)
(4.7, 13.7, -14.3);(0.9353975);(1.5, -11.4, 3.3);(-13.6, 1.0, 1.2)
(4.7, 13.4, -14.2);(0.9380142);(1.4, -11.1, 3.2);(-13.6, 1.0, 1.2)
(4.8, 13.2, -14.1);(0.9426893);(1.5, -11.0, 3.6);(-13.6, 1.0, 1.2)
(4.8, 13.0, -14.0);(0.9448454);(1.4, -10.7, 3.4);(-13.6, 1.0, 1.2)
(4.9, 12.8, -14.0);(0.9492777);(1.5, -10.6, 3.8);(-13.6, 1.0, 1.2)
(4.9, 12.6, -13.9);(0.9514772);(1.4, -10.3, 3.7);(-13.6, 1.0, 1.2)
(4.9, 12.4, -13.8);(0.9559746);(1.5, -10.1, 4.1);(-13.6, 1.0, 1.2)
(5.0, 12.2, -13.7);(0.9582609);(1.6, -9.9, 3.9);(-13.6, 1.0, 1.2)
(5.0, 12.0, -13.6);(0.9594544);(1.4, -9.8, 3.8);(-13.6, 1.0, 1.2)
(5.0, 11.8, -13.5);(0.9632522);(1.3, -9.7, 4.3);(-13.6, 1.0, 1.2)
(5.1, 11.6, -13.4);(0.9665635);(1.6, -9.5, 4.3);(-13.6, 1.0, 1.2)
(5.1, 11.4, -13.3);(0.9687475);(1.4, -9.5, 4.2);(-13.6, 1.0, 1.2)
(5.1, 11.2, -13.2);(0.9709135);(1.2, -9.2, 4.3);(-13.6, 1.0, 1.2)
(5.2, 11.0, -13.1);(0.9742315);(1.3, -9.0, 4.6);(-13.6, 1.0, 1.2)
(5.2, 10.8, -13.0);(0.9759288);(1.4, -8.7, 4.4);(-13.6, 1.0, 1.2)
(5.2, 10.7, -12.9);(0.9779636);(1.2, -8.4, 4.5);(-13.6, 1.0, 1.2)
(5.3, 10.5, -12.8);(0.9802511);(1.3, -8.2, 4.7);(-13.6, 1.0, 1.2)
(5.3, 10.3, -12.7);(0.9810718);(1.3, -8.0, 4.5);(-13.6, 1.0, 1.2)
(5.3, 10.2, -12.6);(0.9833324);(1.1, -7.8, 4.8);(-13.6, 1.0, 1.2)
(5.3, 10.0, -12.5);(0.9840731);(1.3, -7.6, 4.6);(-13.6, 1.0, 1.2)
(5.4, 9.9, -12.4);(0.9847847);(1.0, -7.5, 4.6);(-13.6, 1.0, 1.2)
(5.4, 9.7, -12.3);(0.9870675);(0.9, -7.4, 4.9);(-13.6, 1.0, 1.2)
(5.4, 9.6, -12.2);(0.988135);(1.3, -7.2, 4.9);(-13.6, 1.0, 1.2)
(5.4, 9.4, -12.1);(0.988736);(1.1, -7.2, 4.7);(-13.6, 1.0, 1.2)
(5.5, 9.3, -11.9);(0.9901605);(0.8, -7.1, 4.8);(-13.6, 1.0, 1.2)
(5.5, 9.2, -11.8);(0.9912898);(1.1, -6.9, 5.0);(-13.6, 1.0, 1.2)
(5.5, 9.0, -11.7);(0.9915377);(1.0, -6.6, 4.7);(-13.6, 1.0, 1.2)
(5.5, 8.9, -11.6);(0.9925969);(0.8, -6.5, 4.9);(-13.6, 1.0, 1.2)
(5.5, 8.8, -11.5);(0.9930351);(1.1, -6.3, 5.0);(-13.6, 1.0, 1.2)
(5.6, 8.6, -11.4);(0.9931746);(1.0, -6.2, 4.8);(-13.6, 1.0, 1.2)
(5.6, 8.5, -11.3);(0.994037);(0.6, -6.1, 4.8);(-13.6, 1.0, 1.2)
(5.6, 8.4, -11.2);(0.9947518);(0.9, -6.0, 5.1);(-13.6, 1.0, 1.2)
(5.6, 8.3, -11.1);(0.9950275);(0.8, -5.9, 4.8);(-13.6, 1.0, 1.2)
(5.6, 8.2, -11.0);(0.9951148);(0.8, -5.5, 4.8);(-13.6, 1.0, 1.2)
(5.6, 8.1, -10.9);(0.9956519);(0.5, -5.4, 4.8);(-13.6, 1.0, 1.2)
(5.7, 8.0, -10.8);(0.9961172);(0.7, -5.3, 5.1);(-13.6, 1.0, 1.2)
(5.7, 7.9, -10.7);(0.9958132);(0.8, -5.2, 4.8);(-13.6, 1.0, 1.2)
(5.7, 7.7, -10.6);(0.99593);(0.6, -5.1, 4.7);(-13.6, 1.0, 1.2)
(5.7, 7.6, -10.4);(0.9963338);(0.5, -4.9, 4.9);(-13.6, 1.0, 1.2)
(5.7, 7.6, -10.3);(0.99602);(0.7, -4.7, 4.7);(-13.6, 1.0, 1.2)
(5.7, 7.5, -10.3);(0.9962824);(0.4, -4.7, 4.6);(-13.6, 1.0, 1.2)
(5.7, 7.4, -10.1);(0.9969715);(0.2, -4.6, 4.9);(-13.6, 1.0, 1.2)
(5.7, 7.3, -10.0);(0.996834);(0.5, -4.5, 4.7);(-13.6, 1.0, 1.2)
(5.7, 7.2, -9.9);(0.996798);(0.4, -4.3, 4.6);(-13.6, 1.0, 1.2)
(5.7, 7.1, -9.8);(0.9966373);(0.4, -4.1, 4.8);(-13.6, 1.0, 1.2)
(5.8, 7.0, -9.7);(0.9962306);(0.5, -4.0, 4.6);(-13.6, 1.0, 1.2)
(5.8, 7.0, -9.6);(0.9962419);(0.3, -4.0, 4.5);(-13.6, 1.0, 1.2)
(5.8, 6.9, -9.5);(0.995913);(0.3, -3.7, 4.7);(-13.6, 1.0, 1.2)
(5.8, 6.8, -9.4);(0.9954833);(0.4, -3.7, 4.5);(-13.6, 1.0, 1.2)
(5.8, 6.7, -9.4);(0.9956553);(0.1, -3.6, 4.4);(-13.6, 1.0, 1.2)
(5.8, 6.7, -9.2);(0.9951159);(0.3, -3.3, 4.5);(-13.6, 1.0, 1.2)
(5.8, 6.6, -9.2);(0.9948167);(0.3, -3.3, 4.3);(-13.6, 1.0, 1.2)
(5.8, 6.5, -9.1);(0.9948339);(0.1, -3.1, 4.3);(-13.6, 1.0, 1.2)
(5.8, 6.5, -9.0);(0.9940269);(0.2, -2.9, 4.5);(-13.6, 1.0, 1.2)
(5.8, 6.4, -8.9);(0.9933094);(0.2, -2.9, 4.3);(-13.6, 1.0, 1.2)
(5.8, 6.4, -8.8);(0.9935131);(0.0, -2.9, 4.1);(-13.6, 1.0, 1.2)
(5.8, 6.3, -8.7);(0.9930409);(0.0, -2.7, 4.3);(-13.6, 1.0, 1.2)
(5.8, 6.3, -8.6);(0.9928044);(0.1, -2.7, 4.0);(-13.6, 1.0, 1.2)
(5.8, 6.2, -8.5);(0.9930643);(-0.2, -2.5, 4.0);(-13.6, 1.0, 1.2)
(5.8, 6.2, -8.4);(0.9921767);(0.1, -2.4, 4.1);(-13.6, 1.0, 1.2)
(5.8, 6.1, -8.4);(0.9918897);(0.0, -2.3, 3.9);(-13.6, 1.0, 1.2)
(5.8, 6.1, -8.3);(0.992065);(-0.1, -2.3, 3.7);(-13.6, 1.0, 1.2)
(5.8, 6.0, -8.2);(0.9911425);(0.0, -2.1, 4.0);(-13.6, 1.0, 1.2)
(5.8, 6.0, -8.1);(0.9907516);(0.0, -2.1, 3.7);(-13.6, 1.0, 1.2)
(5.8, 6.0, -8.0);(0.991073);(-0.2, -1.9, 3.5);(-13.6, 1.0, 1.2)
(5.8, 5.9, -8.0);(0.9901362);(0.0, -1.7, 3.8);(-13.6, 1.0, 1.2)
(5.8, 5.9, -7.9);(0.9897335);(-0.1, -1.8, 3.6);(-13.6, 1.0, 1.2)
(5.8, 5.9, -7.8);(0.9900222);(-0.2, -1.7, 3.4);(-13.6, 1.0, 1.2)
(5.7, 5.8, -7.7);(0.9891558);(-0.2, -1.5, 3.6);(-13.6, 1.0, 1.2)
(5.7, 5.8, -7.7);(0.9885799);(0.0, -1.5, 3.4);(-13.6, 1.0, 1.2)
(5.7, 5.8, -7.6);(0.9884798);(-0.1, -1.6, 3.3);(-13.6, 1.0, 1.2)
(5.7, 5.7, -7.5);(0.9887916);(-0.4, -1.4, 3.2);(-13.6, 1.0, 1.2)
(5.7, 5.7, -7.5);(0.9883486);(-0.3, -1.2, 3.3);(-13.6, 1.0, 1.2)
(5.7, 5.7, -7.4);(0.9881356);(-0.1, -1.0, 3.1);(-13.6, 1.0, 1.2)
(5.7, 5.7, -7.3);(0.9883347);(-0.2, -1.1, 3.0);(-13.6, 1.0, 1.2)
(5.7, 5.6, -7.3);(0.9884776);(-0.4, -1.0, 3.0);(-13.6, 1.0, 1.2)
(5.7, 5.6, -7.2);(0.9880315);(-0.3, -0.9, 3.0);(-13.6, 1.0, 1.2)
(5.7, 5.6, -7.2);(0.9883826);(-0.4, -0.8, 2.8);(-13.6, 1.0, 1.2)
(5.7, 5.6, -7.1);(0.9881676);(-0.3, -0.7, 2.8);(-13.6, 1.0, 1.2)
(5.7, 5.6, -7.1);(0.9884353);(-0.4, -0.7, 2.7);(-13.6, 1.0, 1.2)
(5.7, 5.6, -7.0);(0.9880127);(-0.3, -0.5, 2.8);(-13.6, 1.0, 1.2)
(5.6, 5.6, -6.9);(0.9882046);(-0.4, -0.5, 2.6);(-13.6, 1.0, 1.2)
(5.6, 5.6, -6.9);(0.9877591);(-0.3, -0.3, 2.7);(-13.6, 1.0, 1.2)
(5.6, 5.6, -6.8);(0.9878715);(-0.4, -0.4, 2.5);(-13.6, 1.0, 1.2)
(5.6, 5.5, -6.8);(0.9878865);(-0.3, -0.4, 2.5);(-13.6, 1.0, 1.2)
(5.6, 5.5, -6.7);(0.9887524);(-0.4, -0.4, 2.2);(-13.6, 1.0, 1.2)
(5.6, 5.5, -6.7);(0.9885164);(-0.5, -0.3, 2.5);(-13.6, 1.0, 1.2)
(5.6, 5.5, -6.6);(0.9883007);(-0.3, -0.3, 2.4);(-13.6, 1.0, 1.2)
(5.6, 5.5, -6.6);(0.988604);(-0.3, -0.4, 2.2);(-13.6, 1.0, 1.2)
(5.6, 5.5, -6.6);(0.9890733);(-0.4, -0.3, 2.2);(-13.6, 1.0, 1.2)
(5.6, 5.5, -6.5);(0.9887772);(-0.4, -0.2, 2.3);(-13.6, 1.0, 1.2)
(5.6, 5.5, -6.5);(0.9887711);(-0.3, -0.2, 2.2);(-13.6, 1.0, 1.2)
(5.6, 5.5, -6.4);(0.9892178);(-0.4, -0.2, 2.0);(-13.6, 1.0, 1.2)
(5.5, 5.5, -6.4);(0.9893883);(-0.5, -0.2, 2.0);(-13.6, 1.0, 1.2)
(5.5, 5.5, -6.3);(0.9890842);(-0.3, -0.1, 2.1);(-13.6, 1.0, 1.2)
(5.5, 5.5, -6.3);(0.9893474);(-0.3, -0.2, 1.9);(-13.6, 1.0, 1.2)
(5.5, 5.5, -6.3);(0.9900768);(-0.5, -0.1, 1.7);(-13.6, 1.0, 1.2)
(5.5, 5.5, -6.2);(0.989794);(-0.4, 0.0, 2.0);(-13.6, 1.0, 1.2)
(5.5, 5.5, -6.2);(0.9899276);(-0.3, -0.1, 1.8);(-13.6, 1.0, 1.2)
(5.5, 5.5, -6.2);(0.9903901);(-0.4, -0.1, 1.7);(-13.6, 1.0, 1.2)
(5.5, 5.5, -6.1);(0.990528);(-0.4, -0.1, 1.8);(-13.6, 1.0, 1.2)
(5.5, 5.5, -6.1);(0.9906814);(-0.3, -0.1, 1.7);(-13.6, 1.0, 1.2)
(5.5, 5.5, -6.1);(0.9911696);(-0.4, -0.1, 1.6);(-13.6, 1.0, 1.2)
(5.5, 5.5, -6.0);(0.9909286);(-0.4, 0.0, 1.7);(-13.6, 1.0, 1.2)
(5.5, 5.5, -6.0);(0.9910071);(-0.3, -0.1, 1.6);(-13.6, 1.0, 1.2)
(5.4, 5.5, -6.0);(0.991301);(-0.4, -0.2, 1.5);(-13.6, 1.0, 1.2)
(5.4, 5.5, -6.0);(0.9915255);(-0.4, -0.1, 1.5);(-13.6, 1.0, 1.2)
(5.4, 5.5, -5.9);(0.9916561);(-0.5, 0.0, 1.5);(-13.6, 1.0, 1.2)
(5.4, 5.5, -5.9);(0.9919801);(-0.4, 0.0, 1.4);(-13.6, 1.0, 1.2)
(5.4, 5.5, -5.9);(0.9921411);(-0.4, 0.0, 1.4);(-13.6, 1.0, 1.2)
(5.4, 5.5, -5.9);(0.9927189);(-0.5, 0.0, 1.2);(-13.6, 1.0, 1.2)
(5.4, 5.5, -5.8);(0.9927177);(-0.5, 0.1, 1.4);(-13.6, 1.0, 1.2)
(5.4, 5.5, -5.8);(0.9928042);(-0.4, 0.0, 1.3);(-13.6, 1.0, 1.2)
(5.4, 5.5, -5.8);(0.9929911);(-0.5, 0.0, 1.2);(-13.6, 1.0, 1.2)
(5.4, 5.5, -5.8);(0.9932595);(-0.4, 0.0, 1.2);(-13.6, 1.0, 1.2)
(5.3, 5.5, -5.7);(0.9934559);(-0.5, 0.0, 1.2);(-13.6, 1.0, 1.2)
(5.3, 5.5, -5.7);(0.9933313);(-0.3, 0.1, 1.2);(-13.6, 1.0, 1.2)
(5.3, 5.5, -5.7);(0.9936804);(-0.4, 0.0, 1.0);(-13.6, 1.0, 1.2)
(5.3, 5.5, -5.7);(0.9937639);(-0.4, 0.0, 1.1);(-13.6, 1.0, 1.2)
(5.3, 5.5, -5.7);(0.9940335);(-0.4, 0.0, 1.0);(-13.6, 1.0, 1.2)
(5.3, 5.5, -5.7);(0.9944108);(-0.5, -0.1, 1.0);(-13.6, 1.0, 1.2)
(5.3, 5.5, -5.6);(0.9944353);(-0.4, -0.1, 1.0);(-13.6, 1.0, 1.2)
(5.3, 5.5, -5.6);(0.9948926);(-0.4, 0.0, 0.8);(-13.6, 1.0, 1.2)
(5.3, 5.5, -5.6);(0.9950273);(-0.5, 0.1, 0.9);(-13.6, 1.0, 1.2)
(5.3, 5.5, -5.6);(0.9952132);(-0.4, 0.1, 0.9);(-13.6, 1.0, 1.2)
(5.3, 5.5, -5.6);(0.9954711);(-0.4, 0.1, 0.8);(-13.6, 1.0, 1.2)
(5.3, 5.5, -5.6);(0.9956854);(-0.6, 0.1, 0.8);(-13.6, 1.0, 1.2)
(5.2, 5.5, -5.5);(0.9957392);(-0.5, 0.1, 0.8);(-13.6, 1.0, 1.2)
(5.2, 5.5, -5.5);(0.9959926);(-0.4, 0.1, 0.7);(-13.6, 1.0, 1.2)
(5.2, 5.5, -5.5);(0.9964337);(-0.5, 0.1, 0.6);(-13.6, 1.0, 1.2)
(5.2, 5.5, -5.5);(0.9964311);(-0.4, 0.1, 0.8);(-13.6, 1.0, 1.2)
(5.2, 5.5, -5.5);(0.9965648);(-0.4, 0.0, 0.7);(-13.6, 1.0, 1.2)
(5.2, 5.5, -5.5);(0.9968436);(-0.5, 0.0, 0.6);(-13.6, 1.0, 1.2)
(5.2, 5.5, -5.5);(0.9967959);(-0.4, 0.1, 0.7);(-13.6, 1.0, 1.2)
(5.2, 5.5, -5.5);(0.997032);(-0.4, 0.0, 0.6);(-13.6, 1.0, 1.2)
(5.2, 5.5, -5.5);(0.9972855);(-0.5, 0.0, 0.5);(-13.6, 1.0, 1.2)
(5.2, 5.5, -5.5);(0.9973092);(-0.4, 0.1, 0.6);(-13.6, 1.0, 1.2)
(5.2, 5.5, -5.4);(0.9975035);(-0.4, 0.1, 0.5);(-13.6, 1.0, 1.2)
(5.2, 5.5, -5.4);(0.9975441);(-0.4, 0.1, 0.6);(-13.6, 1.0, 1.2)
(5.1, 5.5, -5.4);(0.9976473);(-0.4, 0.1, 0.5);(-13.6, 1.0, 1.2)
(5.1, 5.5, -5.4);(0.9978286);(-0.4, 0.1, 0.4);(-13.6, 1.0, 1.2)
(5.1, 5.5, -5.4);(0.9979851);(-0.5, 0.0, 0.4);(-13.6, 1.0, 1.2)
(5.1, 5.5, -5.4);(0.9980611);(-0.5, -0.1, 0.5);(-13.6, 1.0, 1.2)
(5.1, 5.5, -5.4);(0.998152);(-0.5, 0.0, 0.4);(-13.6, 1.0, 1.2)
(5.1, 5.5, -5.4);(0.998131);(-0.4, 0.1, 0.5);(-13.6, 1.0, 1.2)
(5.1, 5.5, -5.4);(0.9981899);(-0.4, 0.1, 0.4);(-13.6, 1.0, 1.2)
(5.1, 5.5, -5.4);(0.9983522);(-0.5, 0.0, 0.3);(-13.6, 1.0, 1.2)
(5.1, 5.5, -5.4);(0.9984916);(-0.5, -0.1, 0.3);(-13.6, 1.0, 1.2)
(5.1, 5.5, -5.4);(0.9986832);(-0.5, 0.0, 0.2);(-13.6, 1.0, 1.2)
(5.0, 5.5, -5.4);(0.9987428);(-0.6, 0.1, 0.4);(-13.6, 1.0, 1.2)
(5.0, 5.5, -5.4);(0.9987206);(-0.5, 0.1, 0.4);(-13.6, 1.0, 1.2)
(5.0, 5.5, -5.4);(0.9988198);(-0.4, 0.0, 0.3);(-13.6, 1.0, 1.2)
(5.0, 5.5, -5.4);(0.9988905);(-0.5, -0.1, 0.3);(-13.6, 1.0, 1.2)
(5.0, 5.5, -5.4);(0.9989827);(-0.5, -0.2, 0.2);(-13.6, 1.0, 1.2)
(5.0, 5.5, -5.4);(0.9990755);(-0.5, -0.2, 0.2);(-13.6, 1.0, 1.2)
(5.0, 5.5, -5.4);(0.9991033);(-0.5, -0.1, 0.3);(-13.6, 1.0, 1.2)
(5.0, 5.5, -5.3);(0.9991432);(-0.5, 0.0, 0.2);(-13.6, 1.0, 1.2)
(5.0, 5.5, -5.3);(0.9992499);(-0.5, 0.0, 0.1);(-13.6, 1.0, 1.2)
(5.0, 5.5, -5.3);(0.9993363);(-0.5, 0.0, 0.2);(-13.6, 1.0, 1.2)
(4.9, 5.5, -5.3);(0.9993516);(-0.5, 0.0, 0.2);(-13.6, 1.0, 1.2)
(4.9, 5.5, -5.3);(0.9994623);(-0.5, 0.0, 0.1);(-13.6, 1.0, 1.2)
(4.9, 5.5, -5.3);(0.9995466);(-0.6, 0.0, 0.1);(-13.6, 1.0, 1.2)
(4.9, 5.5, -5.3);(0.9995579);(-0.5, -0.1, 0.2);(-13.6, 1.0, 1.2)
(4.9, 5.5, -5.3);(0.9995741);(-0.4, -0.1, 0.1);(-13.6, 1.0, 1.2)
(4.9, 5.5, -5.3);(0.9996399);(-0.5, -0.2, 0.0);(-13.6, 1.0, 1.2)
(4.9, 5.5, -5.3);(0.9996903);(-0.5, -0.2, 0.1);(-13.6, 1.0, 1.2)
(4.9, 5.5, -5.3);(0.9996793);(-0.5, -0.2, 0.2);(-13.6, 1.0, 1.2)
(4.9, 5.5, -5.3);(0.9997151);(-0.5, -0.3, 0.1);(-13.6, 1.0, 1.2)
(4.9, 5.4, -5.3);(0.9997604);(-0.6, -0.2, 0.1);(-13.6, 1.0, 1.2)
(4.8, 5.4, -5.3);(0.9998056);(-0.5, -0.3, 0.0);(-13.6, 1.0, 1.2)
(4.8, 5.4, -5.3);(0.9998056);(-0.6, -0.2, 0.1);(-13.6, 1.0, 1.2)
(4.8, 5.4, -5.3);(0.9998278);(-0.5, -0.2, 0.0);(-13.6, 1.0, 1.2)
(4.8, 5.4, -5.3);(0.9998333);(-0.5, -0.2, 0.0);(-13.6, 1.0, 1.2)
(4.8, 5.4, -5.3);(0.9998648);(-0.5, -0.2, 0.0);(-13.6, 1.0, 1.2)
(4.8, 5.4, -5.3);(0.9998825);(-0.5, -0.1, 0.0);(-13.6, 1.0, 1.2)
(4.8, 5.4, -5.4);(0.9999084);(-0.6, -0.1, 0.0);(-13.6, 1.0, 1.2)
(4.8, 5.4, -5.4);(0.9998843);(-0.5, 0.0, 0.0);(-13.6, 1.0, 1.2)
(4.8, 5.4, -5.4);(0.9998825);(-0.5, -0.2, 0.0);(-13.6, 1.0, 1.2)
(4.7, 5.4, -5.4);(0.9998981);(-0.6, -0.1, 0.0);(-13.6, 1.0, 1.2)
(4.7, 5.4, -5.4);(0.9998763);(-0.4, -0.1, -0.1);(-13.6, 1.0, 1.2)
(4.7, 5.4, -5.4);(0.9999067);(-0.6, -0.2, -0.1);(-13.6, 1.0, 1.2)
(4.7, 5.4, -5.4);(0.9999148);(-0.6, -0.2, 0.0);(-13.6, 1.0, 1.2)
(4.7, 5.4, -5.4);(0.9998809);(-0.4, -0.1, -0.1);(-13.6, 1.0, 1.2)
(4.7, 5.4, -5.4);(0.9998874);(-0.6, -0.2, -0.1);(-13.6, 1.0, 1.2)
(4.7, 5.4, -5.4);(0.9999003);(-0.6, -0.1, 0.0);(-13.6, 1.0, 1.2)
(4.7, 5.4, -5.4);(0.9999011);(-0.5, -0.2, -0.1);(-13.6, 1.0, 1.2)
(4.7, 5.4, -5.4);(0.9998973);(-0.5, -0.2, -0.1);(-13.6, 1.0, 1.2)
(4.6, 5.4, -5.4);(0.9999201);(-0.6, -0.1, 0.0);(-13.6, 1.0, 1.2)
(4.6, 5.4, -5.4);(0.9998966);(-0.5, -0.1, -0.1);(-13.6, 1.0, 1.2)
(4.6, 5.4, -5.4);(0.9999022);(-0.6, -0.1, -0.2);(-13.6, 1.0, 1.2)
(4.6, 5.4, -5.4);(0.9999148);(-0.6, -0.2, 0.0);(-13.6, 1.0, 1.2)
(4.6, 5.4, -5.4);(0.9998987);(-0.5, -0.2, -0.1);(-13.6, 1.0, 1.2)
(4.6, 5.4, -5.4);(0.9998775);(-0.5, -0.2, -0.1);(-13.6, 1.0, 1.2)
(4.6, 5.4, -5.4);(0.999836);(-0.5, -0.3, -0.1);(-13.6, 1.0, 1.2)
(4.6, 5.4, -5.4);(0.9997815);(-0.6, -0.3, -0.2);(-13.6, 1.0, 1.2)
(4.6, 5.4, -5.4);(0.9997727);(-0.6, -0.4, -0.2);(-13.6, 1.0, 1.2)
(4.5, 5.3, -5.4);(0.9997617);(-0.5, -0.4, -0.1);(-13.6, 1.0, 1.2)
(4.5, 5.3, -5.4);(0.9997131);(-0.6, -0.5, -0.2);(-13.6, 1.0, 1.2)
(4.5, 5.3, -5.4);(0.9997584);(-0.7, -0.4, -0.1);(-13.6, 1.0, 1.2)
(4.5, 5.3, -5.4);(0.9997886);(-0.4, -0.3, 0.0);(-13.6, 1.0, 1.2)
(4.5, 5.3, -5.4);(0.9997026);(-0.4, -0.3, -0.2);(-13.6, 1.0, 1.2)
(4.5, 5.3, -5.4);(0.9995762);(-0.6, -0.3, -0.3);(-13.6, 1.0, 1.2)
(4.5, 5.3, -5.4);(0.9996029);(-0.6, -0.3, -0.1);(-13.6, 1.0, 1.2)
(4.5, 5.3, -5.4);(0.9995888);(-0.5, -0.3, -0.1);(-13.6, 1.0, 1.2)
(4.5, 5.3, -5.5);(0.9995207);(-0.5, -0.2, -0.2);(-13.6, 1.0, 1.2)
(4.4, 5.3, -5.5);(0.9994782);(-0.6, -0.2, -0.2);(-13.6, 1.0, 1.2)
(4.4, 5.3, -5.5);(0.9994742);(-0.6, -0.3, -0.1);(-13.6, 1.0, 1.2)
(4.4, 5.3, -5.5);(0.9994275);(-0.5, -0.2, -0.1);(-13.6, 1.0, 1.2)
(4.4, 5.3, -5.5);(0.9993842);(-0.6, -0.2, -0.2);(-13.6, 1.0, 1.2)
(4.4, 5.3, -5.5);(0.9993763);(-0.5, -0.2, -0.1);(-13.6, 1.0, 1.2)
(4.4, 5.3, -5.5);(0.9994071);(-0.6, -0.2, -0.1);(-13.6, 1.0, 1.2)
(4.4, 5.3, -5.5);(0.999351);(-0.5, -0.2, -0.1);(-13.6, 1.0, 1.2)
(4.4, 5.3, -5.5);(0.9992855);(-0.5, -0.3, -0.2);(-13.6, 1.0, 1.2)
(4.4, 5.3, -5.5);(0.9992642);(-0.6, -0.3, -0.1);(-13.6, 1.0, 1.2)
(4.4, 5.2, -5.5);(0.9992703);(-0.6, -0.3, -0.1);(-13.6, 1.0, 1.2)
(4.3, 5.2, -5.5);(0.9993211);(-0.6, -0.4, -0.1);(-13.6, 1.0, 1.2)
(4.3, 5.2, -5.5);(0.9993152);(-0.5, -0.3, -0.1);(-13.6, 1.0, 1.2)
(4.3, 5.2, -5.5);(0.9992674);(-0.5, -0.4, -0.2);(-13.6, 1.0, 1.2)
(4.3, 5.2, -5.5);(0.9992546);(-0.5, -0.4, -0.1);(-13.6, 1.0, 1.2)
(4.3, 5.2, -5.5);(0.9991855);(-0.6, -0.4, -0.2);(-13.6, 1.0, 1.2)
(4.3, 5.2, -5.5);(0.9992344);(-0.7, -0.3, -0.1);(-13.6, 1.0, 1.2)
(4.3, 5.2, -5.5);(0.9992561);(-0.6, -0.4, -0.1);(-13.6, 1.0, 1.2)
(4.3, 5.2, -5.5);(0.9992478);(-0.6, -0.3, -0.1);(-13.6, 1.0, 1.2)
(4.2, 5.2, -5.5);(0.9992241);(-0.6, -0.3, -0.1);(-13.6, 1.0, 1.2)
(4.2, 5.2, -5.5);(0.9992533);(-0.6, -0.2, -0.1);(-13.6, 1.0, 1.2)
(4.2, 5.2, -5.5);(0.9993098);(-0.5, -0.2, 0.0);(-13.6, 1.0, 1.2)
(4.2, 5.2, -5.5);(0.9993387);(-0.5, -0.4, -0.1);(-13.6, 1.0, 1.2)
(4.2, 5.2, -5.5);(0.9993023);(-0.5, -0.5, -0.1);(-13.6, 1.0, 1.2)
(4.2, 5.2, -5.5);(0.9992806);(-0.6, -0.4, -0.2);(-13.6, 1.0, 1.2)
(4.2, 5.1, -5.5);(0.9993804);(-0.5, -0.3, 0.0);(-13.6, 1.0, 1.2)
(4.2, 5.1, -5.5);(0.9993961);(-0.5, -0.4, -0.1);(-13.6, 1.0, 1.2)
(4.2, 5.1, -5.5);(0.9993783);(-0.6, -0.5, -0.1);(-13.6, 1.0, 1.2)
(4.1, 5.1, -5.5);(0.9994687);(-0.7, -0.4, 0.0);(-13.6, 1.0, 1.2)
(4.1, 5.1, -5.5);(0.9994749);(-0.5, -0.4, -0.1);(-13.6, 1.0, 1.2)
(4.1, 5.1, -5.5);(0.9994722);(-0.6, -0.5, -0.1);(-13.6, 1.0, 1.2)
(4.1, 5.1, -5.5);(0.9994801);(-0.6, -0.4, -0.1);(-13.6, 1.0, 1.2)
(4.1, 5.1, -5.5);(0.9994103);(-0.5, -0.3, -0.2);(-13.6, 1.0, 1.2)
(4.1, 5.1, -5.5);(0.9993733);(-0.6, -0.4, -0.2);(-13.6, 1.0, 1.2)
(4.1, 5.1, -5.5);(0.9994106);(-0.6, -0.5, -0.1);(-13.6, 1.0, 1.2)
(4.1, 5.1, -5.5);(0.9994201);(-0.6, -0.5, -0.1);(-13.6, 1.0, 1.2)
(4.1, 5.0, -5.5);(0.9994133);(-0.6, -0.5, -0.1);(-13.6, 1.0, 1.2)
(4.0, 5.0, -5.5);(0.9993992);(-0.6, -0.5, -0.1);(-13.6, 1.0, 1.2)
(4.0, 5.0, -5.5);(0.9994317);(-0.6, -0.5, -0.1);(-13.6, 1.0, 1.2)
(4.0, 5.0, -5.5);(0.999477);(-0.6, -0.4, -0.1);(-13.6, 1.0, 1.2)
(4.0, 5.0, -5.5);(0.9994326);(-0.5, -0.4, -0.2);(-13.6, 1.0, 1.2)
(4.0, 5.0, -5.6);(0.9993881);(-0.6, -0.4, -0.2);(-13.6, 1.0, 1.2)
(4.0, 5.0, -5.5);(0.9995291);(-0.5, -0.3, 0.1);(-13.6, 1.0, 1.2)
(4.0, 5.0, -5.6);(0.9994987);(-0.5, -0.3, -0.1);(-13.6, 1.0, 1.2)
(4.0, 5.0, -5.6);(0.999447);(-0.6, -0.4, -0.2);(-13.6, 1.0, 1.2)
(3.9, 5.0, -5.6);(0.9995282);(-0.6, -0.4, 0.0);(-13.6, 1.0, 1.2)
(3.9, 5.0, -5.6);(0.9995003);(-0.5, -0.4, -0.1);(-13.6, 1.0, 1.2)
(3.9, 5.0, -5.6);(0.9994274);(-0.6, -0.5, -0.2);(-13.6, 1.0, 1.2)
(3.9, 5.0, -5.6);(0.9995124);(-0.7, -0.3, -0.1);(-13.6, 1.0, 1.2)
(3.9, 4.9, -5.6);(0.999554);(-0.6, -0.3, -0.1);(-13.6, 1.0, 1.2)
(3.9, 4.9, -5.6);(0.9995037);(-0.6, -0.3, -0.2);(-13.6, 1.0, 1.2)
(3.9, 4.9, -5.6);(0.9995185);(-0.7, -0.3, -0.1);(-13.6, 1.0, 1.2)
(3.9, 4.9, -5.6);(0.9995568);(-0.6, -0.3, -0.1);(-13.6, 1.0, 1.2)
(3.8, 4.9, -5.6);(0.9995285);(-0.5, -0.3, -0.2);(-13.6, 1.0, 1.2)
(3.8, 4.9, -5.6);(0.9994703);(-0.6, -0.3, -0.2);(-13.6, 1.0, 1.2)
(3.8, 4.9, -5.6);(0.9994741);(-0.7, -0.3, -0.2);(-13.6, 1.0, 1.2)
(3.8, 4.9, -5.6);(0.9994799);(-0.5, -0.3, -0.1);(-13.6, 1.0, 1.2)
(3.8, 4.9, -5.6);(0.9994369);(-0.6, -0.4, -0.2);(-13.6, 1.0, 1.2)
(3.8, 4.9, -5.6);(0.9993851);(-0.6, -0.2, -0.2);(-13.6, 1.0, 1.2)
(3.8, 4.9, -5.6);(0.9993017);(-0.6, -0.1, -0.2);(-13.6, 1.0, 1.2)
(3.8, 4.9, -5.6);(0.9993293);(-0.6, -0.2, -0.1);(-13.6, 1.0, 1.2)
(3.8, 4.9, -5.6);(0.9992716);(-0.5, -0.2, -0.2);(-13.6, 1.0, 1.2)
(3.7, 4.9, -5.6);(0.9992587);(-0.7, -0.1, -0.2);(-13.6, 1.0, 1.2)
(3.7, 4.9, -5.6);(0.9993198);(-0.6, -0.1, -0.1);(-13.6, 1.0, 1.2)
(3.7, 4.9, -5.6);(0.9993735);(-0.6, -0.2, -0.1);(-13.6, 1.0, 1.2)
(3.7, 4.9, -5.6);(0.9994062);(-0.5, -0.3, -0.1);(-13.6, 1.0, 1.2)
(3.7, 4.9, -5.6);(0.9993619);(-0.6, -0.2, -0.2);(-13.6, 1.0, 1.2)
(3.7, 4.9, -5.6);(0.999343);(-0.5, -0.2, -0.2);(-13.6, 1.0, 1.2)
(3.7, 4.9, -5.6);(0.9993117);(-0.7, -0.1, -0.2);(-13.6, 1.0, 1.2)
(3.6, 4.9, -5.6);(0.9993701);(-0.6, -0.2, -0.1);(-13.6, 1.0, 1.2)
(3.6, 4.9, -5.6);(0.9993175);(-0.5, -0.1, -0.2);(-13.6, 1.0, 1.2)
(3.6, 4.9, -5.6);(0.9993229);(-0.6, -0.1, -0.1);(-13.6, 1.0, 1.2)
(3.6, 4.8, -5.6);(0.9993157);(-0.6, -0.1, -0.1);(-13.6, 1.0, 1.2)
(3.6, 4.8, -5.6);(0.9993421);(-0.6, -0.2, -0.1);(-13.6, 1.0, 1.2)
(3.6, 4.8, -5.6);(0.9993297);(-0.6, -0.1, -0.1);(-13.6, 1.0, 1.2)
(3.6, 4.8, -5.6);(0.999391);(-0.6, 0.0, -0.1);(-13.6, 1.0, 1.2)
(3.6, 4.8, -5.6);(0.9993731);(-0.5, 0.0, -0.2);(-13.6, 1.0, 1.2)
(3.6, 4.8, -5.7);(0.9993207);(-0.6, 0.0, -0.2);(-13.6, 1.0, 1.2)
(3.5, 4.8, -5.7);(0.9993567);(-0.6, 0.0, -0.1);(-13.6, 1.0, 1.2)
(3.5, 4.8, -5.7);(0.9993425);(-0.5, -0.1, -0.1);(-13.6, 1.0, 1.2)
(3.5, 4.8, -5.7);(0.9992754);(-0.6, 0.0, -0.2);(-13.6, 1.0, 1.2)
(3.5, 4.8, -5.7);(0.9993412);(-0.6, -0.1, -0.1);(-13.6, 1.0, 1.2)
(3.5, 4.8, -5.7);(0.9993211);(-0.6, -0.1, -0.2);(-13.6, 1.0, 1.2)
(3.5, 4.8, -5.7);(0.9993352);(-0.5, -0.1, -0.1);(-13.6, 1.0, 1.2)
(3.5, 4.8, -5.7);(0.9993571);(-0.5, -0.2, -0.1);(-13.6, 1.0, 1.2)
(3.5, 4.8, -5.7);(0.9992833);(-0.5, -0.1, -0.2);(-13.6, 1.0, 1.2)
(3.5, 4.8, -5.7);(0.9992184);(-0.6, -0.1, -0.2);(-13.6, 1.0, 1.2)
(3.4, 4.8, -5.7);(0.9992633);(-0.6, -0.1, -0.1);(-13.6, 1.0, 1.2)
(3.4, 4.8, -5.7);(0.999351);(-0.5, -0.1, 0.0);(-13.6, 1.0, 1.2)
(3.4, 4.8, -5.7);(0.9993318);(-0.5, -0.2, -0.1);(-13.6, 1.0, 1.2)
(3.4, 4.8, -5.7);(0.9992748);(-0.6, -0.2, -0.2);(-13.6, 1.0, 1.2)
(3.4, 4.8, -5.7);(0.9993076);(-0.7, -0.1, -0.1);(-13.6, 1.0, 1.2)
(3.4, 4.8, -5.7);(0.9993851);(-0.5, -0.1, 0.0);(-13.6, 1.0, 1.2)
(3.4, 4.8, -5.7);(0.9993117);(-0.5, -0.2, -0.2);(-13.6, 1.0, 1.2)
(3.4, 4.8, -5.7);(0.9992717);(-0.7, -0.1, -0.2);(-13.6, 1.0, 1.2)
(3.3, 4.8, -5.7);(0.9993507);(-0.5, -0.2, 0.0);(-13.6, 1.0, 1.2)
(3.3, 4.8, -5.7);(0.9993725);(-0.5, -0.1, -0.1);(-13.6, 1.0, 1.2)
(3.3, 4.8, -5.7);(0.9992407);(-0.5, -0.1, -0.3);(-13.6, 1.0, 1.2)
(3.3, 4.8, -5.7);(0.9991592);(-0.6, -0.2, -0.2);(-13.6, 1.0, 1.2)
(3.3, 4.8, -5.7);(0.9991618);(-0.5, -0.3, -0.1);(-13.6, 1.0, 1.2)
(3.3, 4.8, -5.7);(0.9992349);(-0.6, -0.2, -0.1);(-13.6, 1.0, 1.2)
(3.3, 4.8, -5.7);(0.9992448);(-0.4, -0.2, -0.1);(-13.6, 1.0, 1.2)
(3.3, 4.8, -5.7);(0.9991549);(-0.5, -0.3, -0.2);(-13.6, 1.0, 1.2)
(3.3, 4.8, -5.7);(0.9992189);(-0.6, -0.2, -0.1);(-13.6, 1.0, 1.2)
(3.3, 4.8, -5.7);(0.9992002);(-0.4, -0.1, -0.1);(-13.6, 1.0, 1.2)
(3.3, 4.8, -5.7);(0.9991241);(-0.5, -0.2, -0.2);(-13.6, 1.0, 1.2)
(3.2, 4.8, -5.7);(0.9990861);(-0.6, -0.3, -0.2);(-13.6, 1.0, 1.2)
(3.2, 4.8, -5.7);(0.9991316);(-0.4, -0.2, -0.1);(-13.6, 1.0, 1.2)
(3.2, 4.7, -5.7);(0.9990665);(-0.5, -0.3, -0.2);(-13.6, 1.0, 1.2)
(3.2, 4.7, -5.7);(0.9990253);(-0.6, -0.3, -0.2);(-13.6, 1.0, 1.2)
(3.2, 4.7, -5.7);(0.9991199);(-0.5, -0.2, 0.0);(-13.6, 1.0, 1.2)
(3.2, 4.7, -5.7);(0.9991204);(-0.4, -0.3, -0.1);(-13.6, 1.0, 1.2)
(3.2, 4.7, -5.8);(0.9990577);(-0.5, -0.3, -0.2);(-13.6, 1.0, 1.2)
(3.2, 4.7, -5.8);(0.9990324);(-0.6, -0.3, -0.1);(-13.6, 1.0, 1.2)
(3.2, 4.7, -5.8);(0.9990575);(-0.6, -0.2, -0.1);(-13.6, 1.0, 1.2)
(3.2, 4.7, -5.8);(0.9990897);(-0.5, -0.2, -0.1);(-13.6, 1.0, 1.2)
(3.1, 4.7, -5.8);(0.9990273);(-0.6, -0.2, -0.2);(-13.6, 1.0, 1.2)
(3.1, 4.7, -5.8);(0.9991957);(-0.7, -0.2, 0.0);(-13.6, 1.0, 1.2)
(3.1, 4.7, -5.8);(0.9992373);(-0.4, -0.2, -0.1);(-13.6, 1.0, 1.2)
(3.1, 4.7, -5.8);(0.9991719);(-0.5, -0.3, -0.2);(-13.6, 1.0, 1.2)
(3.1, 4.7, -5.8);(0.9991647);(-0.6, -0.2, -0.1);(-13.6, 1.0, 1.2)
(3.1, 4.7, -5.8);(0.9992428);(-0.6, -0.1, 0.0);(-13.6, 1.0, 1.2)
(3.1, 4.7, -5.8);(0.9992574);(-0.5, -0.1, -0.1);(-13.6, 1.0, 1.2)
(3.1, 4.7, -5.8);(0.9991707);(-0.5, -0.2, -0.2);(-13.6, 1.0, 1.2)
(3.1, 4.7, -5.8);(0.9991757);(-0.6, -0.1, -0.1);(-13.6, 1.0, 1.2)
(3.0, 4.7, -5.8);(0.9992206);(-0.4, -0.1, 0.0);(-13.6, 1.0, 1.2)
(3.0, 4.7, -5.8);(0.9991363);(-0.6, -0.1, -0.2);(-13.6, 1.0, 1.2)
(3.0, 4.7, -5.8);(0.9992283);(-0.4, -0.1, 0.0);(-13.6, 1.0, 1.2)
(3.0, 4.7, -5.8);(0.9992133);(-0.5, -0.2, -0.1);(-13.6, 1.0, 1.2)
(3.0, 4.7, -5.8);(0.9991812);(-0.5, -0.3, -0.1);(-13.6, 1.0, 1.2)
(3.0, 4.7, -5.8);(0.9991844);(-0.6, -0.2, -0.1);(-13.6, 1.0, 1.2)
(3.0, 4.7, -5.8);(0.9992973);(-0.5, -0.2, 0.0);(-13.6, 1.0, 1.2)
(3.0, 4.6, -5.8);(0.9993059);(-0.4, -0.3, -0.1);(-13.6, 1.0, 1.2)
(3.0, 4.6, -5.8);(0.9991961);(-0.5, -0.4, -0.2);(-13.6, 1.0, 1.2)
(3.0, 4.6, -5.8);(0.9991854);(-0.6, -0.3, -0.1);(-13.6, 1.0, 1.2)
(2.9, 4.6, -5.8);(0.9992637);(-0.5, -0.3, 0.0);(-13.6, 1.0, 1.2)
(2.9, 4.6, -5.8);(0.999227);(-0.4, -0.3, -0.1);(-13.6, 1.0, 1.2)
(2.9, 4.6, -5.8);(0.9991254);(-0.6, -0.3, -0.2);(-13.6, 1.0, 1.2)
(2.9, 4.6, -5.8);(0.9991251);(-0.5, -0.4, -0.1);(-13.6, 1.0, 1.2)
(2.9, 4.6, -5.8);(0.9990936);(-0.5, -0.4, -0.1);(-13.6, 1.0, 1.2)
(2.9, 4.6, -5.8);(0.9991726);(-0.4, -0.3, 0.0);(-13.6, 1.0, 1.2)
(2.9, 4.6, -5.8);(0.9991063);(-0.5, -0.3, -0.1);(-13.6, 1.0, 1.2)
(2.9, 4.6, -5.8);(0.9991833);(-0.6, -0.3, 0.0);(-13.6, 1.0, 1.2)
(2.9, 4.6, -5.8);(0.9992329);(-0.5, -0.4, 0.0);(-13.6, 1.0, 1.2)
(2.8, 4.6, -5.8);(0.9992827);(-0.5, -0.3, 0.0);(-13.6, 1.0, 1.2)
(2.8, 4.6, -5.8);(0.9992486);(-0.5, -0.3, -0.1);(-13.6, 1.0, 1.2)
(2.8, 4.6, -5.8);(0.9993307);(-0.5, -0.2, 0.0);(-13.6, 1.0, 1.2)
(2.8, 4.6, -5.8);(0.9993008);(-0.4, -0.2, -0.1);(-13.6, 1.0, 1.2)
(2.8, 4.5, -5.8);(0.9992467);(-0.5, -0.2, -0.1);(-13.6, 1.0, 1.2)
(2.8, 4.5, -5.8);(0.9992616);(-0.4, -0.1, -0.1);(-13.6, 1.0, 1.2)
(2.8, 4.5, -5.8);(0.9991817);(-0.5, -0.2, -0.2);(-13.6, 1.0, 1.2)
(2.8, 4.5, -5.8);(0.9991472);(-0.5, -0.2, -0.1);(-13.6, 1.0, 1.2)
(2.8, 4.5, -5.8);(0.999315);(-0.5, -0.1, 0.1);(-13.6, 1.0, 1.2)
(2.8, 4.5, -5.8);(0.9993528);(-0.3, -0.2, 0.0);(-13.6, 1.0, 1.2)
(2.8, 4.5, -5.8);(0.9993393);(-0.3, -0.3, -0.1);(-13.6, 1.0, 1.2)
(2.8, 4.5, -5.8);(0.9992968);(-0.4, -0.5, -0.1);(-13.6, 1.0, 1.2)
(2.7, 4.5, -5.8);(0.9992584);(-0.5, -0.5, -0.1);(-13.6, 1.0, 1.2)
(2.7, 4.5, -5.8);(0.9993324);(-0.5, -0.4, 0.0);(-13.6, 1.0, 1.2)
(2.7, 4.5, -5.8);(0.9992943);(-0.4, -0.4, -0.1);(-13.6, 1.0, 1.2)
(2.7, 4.5, -5.8);(0.9992243);(-0.6, -0.3, -0.2);(-13.6, 1.0, 1.2)
(2.7, 4.5, -5.8);(0.9993028);(-0.5, -0.3, 0.0);(-13.6, 1.0, 1.2)
(2.7, 4.5, -5.8);(0.9993486);(-0.4, -0.3, 0.0);(-13.6, 1.0, 1.2)
(2.7, 4.5, -5.8);(0.9992551);(-0.4, -0.3, -0.2);(-13.6, 1.0, 1.2)
(2.7, 4.5, -5.8);(0.9992217);(-0.6, -0.2, -0.1);(-13.6, 1.0, 1.2)
(2.7, 4.5, -5.8);(0.999341);(-0.4, -0.2, 0.1);(-13.6, 1.0, 1.2)
(2.7, 4.5, -5.8);(0.9993126);(-0.3, -0.3, -0.1);(-13.6, 1.0, 1.2)
(2.7, 4.4, -5.8);(0.9992307);(-0.4, -0.4, -0.1);(-13.6, 1.0, 1.2)
(2.6, 4.4, -5.8);(0.9992545);(-0.6, -0.4, -0.1);(-13.6, 1.0, 1.2)
(2.6, 4.4, -5.8);(0.9993681);(-0.4, -0.3, 0.1);(-13.6, 1.0, 1.2)
(2.6, 4.4, -5.8);(0.9993465);(-0.4, -0.4, -0.1);(-13.6, 1.0, 1.2)
(2.6, 4.4, -5.8);(0.9993019);(-0.5, -0.4, -0.1);(-13.6, 1.0, 1.2)
(2.6, 4.4, -5.8);(0.9994749);(-0.5, -0.2, 0.1);(-13.6, 1.0, 1.2)
(2.6, 4.4, -5.8);(0.9994518);(-0.3, -0.2, 0.0);(-13.6, 1.0, 1.2)
(2.6, 4.4, -5.8);(0.9993758);(-0.4, -0.3, -0.1);(-13.6, 1.0, 1.2)
(2.6, 4.4, -5.8);(0.9994144);(-0.6, -0.3, -0.1);(-13.6, 1.0, 1.2)
(2.6, 4.4, -5.8);(0.9994704);(-0.5, -0.4, 0.0);(-13.6, 1.0, 1.2)
(2.6, 4.4, -5.8);(0.9994181);(-0.3, -0.2, -0.1);(-13.6, 1.0, 1.2)
(2.6, 4.4, -5.8);(0.9993232);(-0.4, -0.4, -0.2);(-13.6, 1.0, 1.2)
(2.5, 4.4, -5.9);(0.9991915);(-0.6, -0.4, -0.3);(-13.6, 1.0, 1.2)
(2.5, 4.4, -5.9);(0.9992592);(-0.7, -0.4, -0.1);(-13.6, 1.0, 1.2)
(2.5, 4.4, -5.9);(0.9993988);(-0.5, -0.3, 0.1);(-13.6, 1.0, 1.2)
(2.5, 4.3, -5.9);(0.9993929);(-0.3, -0.4, -0.1);(-13.6, 1.0, 1.2)
(2.5, 4.3, -5.9);(0.9993111);(-0.5, -0.4, -0.2);(-13.6, 1.0, 1.2)
(2.5, 4.3, -5.9);(0.9993451);(-0.5, -0.3, 0.0);(-13.6, 1.0, 1.2)
(2.5, 4.3, -5.9);(0.9993977);(-0.5, -0.2, 0.0);(-13.6, 1.0, 1.2)
(2.5, 4.3, -5.9);(0.999347);(-0.4, -0.1, -0.1);(-13.6, 1.0, 1.2)
(2.5, 4.3, -5.9);(0.9993236);(-0.7, -0.1, -0.1);(-13.6, 1.0, 1.2)
(2.4, 4.3, -5.9);(0.9994637);(-0.4, -0.1, 0.1);(-13.6, 1.0, 1.2)
(2.4, 4.3, -5.9);(0.999487);(-0.4, -0.2, 0.0);(-13.6, 1.0, 1.2)
(2.4, 4.3, -5.9);(0.9995002);(-0.4, -0.1, -0.1);(-13.6, 1.0, 1.2)
(2.4, 4.3, -5.9);(0.9995002);(-0.5, -0.1, -0.1);(-13.6, 1.0, 1.2)
(2.4, 4.3, -5.9);(0.9995143);(-0.5, 0.0, -0.1);(-13.6, 1.0, 1.2)
(2.4, 4.3, -5.9);(0.9994699);(-0.4, 0.1, -0.1);(-13.6, 1.0, 1.2)
(2.4, 4.3, -5.9);(0.9993892);(-0.5, 0.0, -0.2);(-13.6, 1.0, 1.2)
(2.4, 4.3, -5.9);(0.9995069);(-0.6, 0.1, 0.0);(-13.6, 1.0, 1.2)
(2.4, 4.3, -5.9);(0.9995826);(-0.5, 0.1, 0.0);(-13.6, 1.0, 1.2)
(2.4, 4.3, -5.9);(0.9996035);(-0.4, 0.1, -0.1);(-13.6, 1.0, 1.2)
(2.4, 4.3, -5.9);(0.9995091);(-0.4, 0.1, -0.2);(-13.6, 1.0, 1.2)
(2.3, 4.3, -5.9);(0.9994352);(-0.5, 0.1, -0.2);(-13.6, 1.0, 1.2)
(2.3, 4.3, -5.9);(0.9994992);(-0.5, 0.1, 0.0);(-13.6, 1.0, 1.2)
(2.3, 4.3, -5.9);(0.9995626);(-0.2, 0.2, 0.0);(-13.6, 1.0, 1.2)
(2.3, 4.3, -5.9);(0.999549);(-0.3, 0.1, -0.1);(-13.6, 1.0, 1.2)
(2.3, 4.3, -5.9);(0.9994779);(-0.4, 0.0, -0.2);(-13.6, 1.0, 1.2)
(2.3, 4.3, -5.9);(0.9994689);(-0.6, 0.0, -0.1);(-13.6, 1.0, 1.2)
(2.3, 4.3, -5.9);(0.9995428);(-0.5, -0.1, 0.0);(-13.6, 1.0, 1.2)
(2.3, 4.3, -5.9);(0.9995614);(-0.4, -0.1, -0.1);(-13.6, 1.0, 1.2)
(2.3, 4.3, -5.9);(0.9994894);(-0.5, -0.2, -0.2);(-13.6, 1.0, 1.2)
(2.3, 4.3, -5.9);(0.9996505);(-0.5, -0.1, 0.1);(-13.6, 1.0, 1.2)
(2.3, 4.3, -5.9);(0.9997079);(-0.4, -0.1, 0.0);(-13.6, 1.0, 1.2)
(2.3, 4.3, -5.9);(0.9996762);(-0.4, -0.2, -0.1);(-13.6, 1.0, 1.2)
(2.2, 4.3, -5.9);(0.9996319);(-0.6, -0.1, -0.2);(-13.6, 1.0, 1.2)
(2.2, 4.3, -5.9);(0.999745);(-0.4, -0.1, 0.1);(-13.6, 1.0, 1.2)
(2.2, 4.3, -5.9);(0.9997471);(-0.4, -0.1, -0.1);(-13.6, 1.0, 1.2)
(2.2, 4.3, -5.9);(0.9996909);(-0.4, -0.2, -0.2);(-13.6, 1.0, 1.2)
(2.2, 4.3, -5.9);(0.9996522);(-0.6, -0.1, -0.2);(-13.6, 1.0, 1.2)
(2.2, 4.3, -5.9);(0.9996737);(-0.5, -0.2, -0.1);(-13.6, 1.0, 1.2)
(2.2, 4.3, -5.9);(0.9996641);(-0.5, -0.1, -0.1);(-13.6, 1.0, 1.2)
(2.2, 4.3, -5.9);(0.9996385);(-0.4, -0.1, -0.2);(-13.6, 1.0, 1.2)
(2.2, 4.3, -5.9);(0.9996496);(-0.5, 0.0, -0.1);(-13.6, 1.0, 1.2)
(2.2, 4.3, -5.9);(0.9996781);(-0.4, 0.0, -0.1);(-13.6, 1.0, 1.2)
(2.1, 4.3, -5.9);(0.9996037);(-0.4, 0.0, -0.2);(-13.6, 1.0, 1.2)
