(-13.0, 34.4, 8.1);(0.8185205);(0.0, -5.2, 0.0);(-21.5, 1.0, 14.7)
(-13.0, 34.3, 8.1);(0.8149457);(0.1, -5.1, 0.0);(-21.5, 1.0, 14.7)
(-13.0, 34.2, 8.1);(0.8081716);(0.2, -5.1, 0.1);(-21.5, 1.0, 14.7)
(-13.0, 34.1, 8.1);(0.7977402);(0.3, -5.0, 0.1);(-21.5, 1.0, 14.7)
(-13.0, 34.1, 8.1);(0.7833138);(0.4, -5.0, 0.1);(-21.5, 1.0, 14.7)
(-12.9, 34.0, 8.1);(0.7647263);(0.5, -4.9, 0.1);(-21.5, 1.0, 14.7)
(-12.9, 33.9, 8.2);(0.7414382);(0.5, -4.8, 0.1);(-21.5, 1.0, 14.7)
(-12.8, 33.9, 8.2);(0.7129099);(0.5, -4.6, 0.1);(-21.5, 1.0, 14.7)
(-12.8, 33.8, 8.2);(0.678712);(0.5, -4.5, 0.1);(-21.5, 1.0, 14.7)
(-12.8, 33.8, 8.2);(0.6392428);(0.4, -4.4, 0.1);(-21.5, 1.0, 14.7)
(-12.7, 33.7, 8.2);(0.5940997);(0.3, -4.2, 0.1);(-21.5, 1.0, 14.7)
(-12.7, 33.7, 8.3);(0.5453165);(0.0, -4.2, 0.1);(-21.5, 1.0, 14.7)
(-12.7, 33.7, 8.3);(0.4909982);(-0.2, -4.1, 0.1);(-21.5, 1.0, 14.7)
(-12.6, 33.7, 8.3);(0.4332543);(-0.5, -4.1, 0.1);(-21.5, 1.0, 14.7)
(-12.7, 33.7, 8.4);(0.3709478);(-0.9, -4.0, 0.1);(-21.5, 1.0, 14.7)
(-12.7, 33.7, 8.4);(0.3055767);(-1.2, -4.0, 0.2);(-21.5, 1.0, 14.7)
(-12.7, 33.7, 8.5);(0.2387767);(-1.6, -4.1, 0.2);(-21.5, 1.0, 14.7)
(-12.8, 33.7, 8.5);(0.1705377);(-2.0, -4.2, 0.2);(-21.5, 1.0, 14.7)
(-12.9, 33.7, 8.5);(0.1018433);(-2.4, -4.4, 0.2);(-21.5, 1.0, 14.7)
(-13.0, 33.7, 8.6);(0.03239792);(-2.8, -4.6, 0.3);(-21.5, 1.0, 14.7)
(-13.1, 33.7, 8.6);(-0.03538364);(-3.1, -4.8, 0.3);(-21.5, 1.0, 14.7)
(-13.2, 33.7, 8.7);(-0.1017458);(-3.5, -5.0, 0.3);(-21.5, 1.0, 14.7)
(-13.4, 33.6, 8.7);(-0.1656793);(-3.9, -5.3, 0.3);(-21.5, 1.0, 14.7)
(-13.6, 33.6, 8.8);(-0.2260571);(-4.2, -5.6, 0.3);(-21.5, 1.0, 14.7)
(-13.8, 33.5, 8.8);(-0.2817644);(-4.5, -5.9, 0.3);(-21.5, 1.0, 14.7)
(-14.0, 33.5, 8.8);(-0.331761);(-4.8, -6.2, 0.2);(-21.5, 1.0, 14.7)
(-14.2, 33.4, 8.8);(-0.3744856);(-5.1, -6.5, 0.1);(-21.5, 1.0, 14.7)
(-14.5, 33.3, 8.8);(-0.4086186);(-5.3, -6.9, 0.0);(-21.5, 1.0, 14.7)
(-14.8, 33.2, 8.8);(-0.4325714);(-5.5, -7.2, -0.1);(-21.5, 1.0, 14.7)
(-15.0, 33.0, 8.7);(-0.445764);(-5.6, -7.6, -0.3);(-21.5, 1.0, 14.7)
(-15.3, 32.9, 8.6);(-0.4472904);(-5.6, -8.0, -0.4);(-21.5, 1.0, 14.7)
(-15.5, 32.7, 8.5);(-0.4363985);(-5.7, -8.4, -0.5);(-21.5, 1.0, 14.7)
(-15.8, 32.5, 8.4);(-0.4128506);(-5.7, -8.8, -0.6);(-21.5, 1.0, 14.7)
(-16.0, 32.3, 8.3);(-0.3770442);(-5.6, -9.1, -0.7);(-21.5, 1.0, 14.7)
(-16.2, 32.0, 8.2);(-0.3293953);(-5.5, -9.5, -0.7);(-21.5, 1.0, 14.7)
(-16.4, 31.7, 8.0);(-0.2706838);(-5.4, -9.9, -0.7);(-21.5, 1.0, 14.7)
(-16.6, 31.5, 7.9);(-0.202245);(-5.3, -10.3, -0.7);(-21.5, 1.0, 14.7)
(-16.7, 31.1, 7.7);(-0.1258698);(-5.2, -10.6, -0.6);(-21.5, 1.0, 14.7)
(-16.9, 30.8, 7.6);(-0.04275085);(-5.1, -10.9, -0.6);(-21.5, 1.0, 14.7)
(-17.0, 30.5, 7.4);(0.0451913);(-5.0, -11.3, -0.5);(-21.5, 1.0, 14.7)
(-17.0, 30.1, 7.3);(0.1363353);(-4.9, -11.6, -0.4);(-21.5, 1.0, 14.7)
(-17.1, 29.8, 7.2);(0.2295484);(-4.8, -11.9, -0.2);(-21.5, 1.0, 14.7)
(-17.1, 29.4, 7.1);(0.3228839);(-4.7, -12.2, -0.1);(-21.5, 1.0, 14.7)
(-17.1, 29.1, 7.0);(0.4144458);(-4.5, -12.5, 0.1);(-21.5, 1.0, 14.7)
(-17.1, 28.7, 6.9);(0.502413);(-4.4, -12.8, 0.3);(-21.5, 1.0, 14.7)
(-17.0, 28.3, 6.9);(0.5847042);(-4.2, -13.1, 0.5);(-21.5, 1.0, 14.7)
(-17.0, 28.0, 6.9);(0.6596063);(-4.1, -13.4, 0.7);(-21.5, 1.0, 14.7)
(-16.9, 27.6, 6.9);(0.7256196);(-4.0, -13.6, 1.0);(-21.5, 1.0, 14.7)
(-16.8, 27.3, 6.9);(0.7808513);(-3.9, -13.9, 1.2);(-21.5, 1.0, 14.7)
(-16.7, 27.0, 6.9);(0.8241418);(-3.8, -14.1, 1.5);(-21.5, 1.0, 14.7)
(-16.6, 26.6, 7.0);(0.8545529);(-3.8, -14.3, 1.7);(-21.5, 1.0, 14.7)
(-16.5, 26.3, 7.1);(0.8714786);(-3.7, -14.4, 2.0);(-21.5, 1.0, 14.7)
(-16.5, 26.0, 7.3);(0.8741449);(-3.7, -14.6, 2.2);(-21.5, 1.0, 14.7)
(-16.4, 25.8, 7.4);(0.8625318);(-3.7, -14.7, 2.4);(-21.5, 1.0, 14.7)
(-16.3, 25.5, 7.6);(0.8365417);(-3.7, -14.8, 2.6);(-21.5, 1.0, 14.7)
(-16.3, 25.2, 7.7);(0.7965517);(-3.7, -15.0, 2.8);(-21.5, 1.0, 14.7)
(-16.3, 25.0, 7.9);(0.7431805);(-3.8, -15.1, 3.0);(-21.5, 1.0, 14.7)
(-16.3, 24.8, 8.1);(0.6770523);(-3.8, -15.2, 3.1);(-21.5, 1.0, 14.7)
(-16.3, 24.6, 8.3);(0.599282);(-3.8, -15.4, 3.2);(-21.5, 1.0, 14.7)
(-16.3, 24.4, 8.5);(0.5112333);(-3.9, -15.5, 3.2);(-21.5, 1.0, 14.7)
(-16.4, 24.2, 8.7);(0.4143169);(-3.9, -15.7, 3.2);(-21.5, 1.0, 14.7)
(-16.5, 24.0, 8.9);(0.310218);(-3.9, -15.8, 3.2);(-21.5, 1.0, 14.7)
(-16.6, 23.8, 9.0);(0.2010422);(-3.9, -16.0, 3.2);(-21.5, 1.0, 14.7)
(-16.7, 23.6, 9.2);(0.08894084);(-3.9, -16.1, 3.2);(-21.5, 1.0, 14.7)
(-16.8, 23.4, 9.3);(-0.02389843);(-3.9, -16.3, 3.2);(-21.5, 1.0, 14.7)
(-17.0, 23.3, 9.5);(-0.135296);(-3.9, -16.5, 3.2);(-21.5, 1.0, 14.7)
(-17.2, 23.1, 9.6);(-0.2431217);(-3.9, -16.6, 3.2);(-21.5, 1.0, 14.7)
(-17.3, 22.8, 9.7);(-0.3453342);(-3.8, -16.8, 3.2);(-21.5, 1.0, 14.7)
(-17.5, 22.6, 9.7);(-0.4400204);(-3.8, -17.0, 3.2);(-21.5, 1.0, 14.7)
(-17.8, 22.4, 9.8);(-0.5254284);(-3.8, -17.1, 3.2);(-21.5, 1.0, 14.7)
(-18.0, 22.1, 9.8);(-0.5999998);(-3.8, -17.3, 3.2);(-21.5, 1.0, 14.7)
(-18.2, 21.9, 9.8);(-0.6623958);(-3.8, -17.4, 3.2);(-21.5, 1.0, 14.7)
(-18.4, 21.6, 9.8);(-0.7115192);(-3.8, -17.6, 3.2);(-21.5, 1.0, 14.7)
(-18.6, 21.3, 9.8);(-0.7465321);(-3.8, -17.8, 3.2);(-21.5, 1.0, 14.7)
(-18.9, 20.9, 9.8);(-0.7668675);(-3.8, -17.9, 3.2);(-21.5, 1.0, 14.7)
(-19.1, 20.6, 9.8);(-0.7722364);(-3.8, -18.1, 3.1);(-21.5, 1.0, 14.7)
(-19.3, 20.2, 9.7);(-0.7626291);(-3.8, -18.2, 3.1);(-21.5, 1.0, 14.7)
(-19.5, 19.8, 9.7);(-0.7383116);(-3.8, -18.4, 3.1);(-21.5, 1.0, 14.7)
(-19.6, 19.4, 9.6);(-0.6998166);(-3.8, -18.6, 3.1);(-21.5, 1.0, 14.7)
(-19.8, 18.9, 9.6);(-0.6479308);(-3.8, -18.7, 3.1);(-21.5, 1.0, 14.7)
(-19.9, 18.5, 9.5);(-0.5836755);(-3.7, -18.9, 3.1);(-21.5, 1.0, 14.7)
(-20.1, 18.0, 9.4);(-0.5082877);(-3.7, -19.0, 3.1);(-21.5, 1.0, 14.7)
(-20.2, 17.5, 9.4);(-0.4231906);(-3.7, -19.2, 3.1);(-21.5, 1.0, 14.7)
(-20.3, 17.0, 9.3);(-0.3299695);(-3.7, -19.4, 3.1);(-21.5, 1.0, 14.7)
(-20.3, 16.5, 9.3);(-0.2303388);(-3.7, -19.5, 3.1);(-21.5, 1.0, 14.7)
(-20.4, 16.0, 9.2);(-0.1261097);(-3.7, -19.7, 3.1);(-21.5, 1.0, 14.7)
(-20.4, 15.4, 9.2);(-0.01915723);(-3.7, -19.8, 3.1);(-21.5, 1.0, 14.7)
(-20.4, 14.9, 9.2);(0.08861393);(-3.7, -20.0, 3.1);(-21.5, 1.0, 14.7)
(-20.4, 14.4, 9.2);(0.1953034);(-3.7, -20.1, 3.1);(-21.5, 1.0, 14.7)
(-20.4, 13.8, 9.2);(0.2990493);(-3.7, -20.3, 3.1);(-21.5, 1.0, 14.7)
(-20.4, 13.3, 9.2);(0.3980592);(-3.7, -20.4, 3.1);(-21.5, 1.0, 14.7)
(-20.4, 12.8, 9.3);(0.490641);(-3.7, -20.6, 3.0);(-21.5, 1.0, 14.7)
(-20.3, 12.3, 9.3);(0.5752307);(-3.7, -20.8, 3.0);(-21.5, 1.0, 14.7)
(-20.2, 11.8, 9.4);(0.6504178);(-3.6, -20.9, 3.0);(-21.5, 1.0, 14.7)
(-20.2, 11.3, 9.5);(0.7149679);(-3.6, -21.1, 3.0);(-21.5, 1.0, 14.7)
(-20.1, 10.8, 9.6);(0.7678402);(-3.6, -21.2, 3.0);(-21.5, 1.0, 14.7)
(-20.0, 10.3, 9.7);(0.8082042);(-3.6, -21.4, 3.0);(-21.5, 1.0, 14.7)
(-20.0, 9.8, 9.9);(0.8354499);(-3.6, -21.5, 3.0);(-21.5, 1.0, 14.7)
(-19.9, 9.4, 10.0);(0.8491951);(-3.6, -21.7, 3.0);(-21.5, 1.0, 14.7)
(-19.9, 8.9, 10.2);(0.8492891);(-3.6, -21.8, 3.0);(-21.5, 1.0, 14.7)
(-19.8, 8.5, 10.4);(0.8358119);(-3.6, -22.0, 3.0);(-21.5, 1.0, 14.7)
(-19.8, 8.1, 10.5);(0.8090695);(-3.6, -22.1, 3.0);(-21.5, 1.0, 14.7)
(-19.8, 7.7, 10.7);(0.7695858);(-3.6, -22.3, 3.0);(-21.5, 1.0, 14.7)
(-19.8, 7.3, 10.9);(0.7180909);(-3.6, -22.4, 3.0);(-21.5, 1.0, 14.7)
(-19.8, 7.0, 11.1);(0.655506);(-3.6, -22.6, 3.0);(-21.5, 1.0, 14.7)
(-19.8, 6.6, 11.2);(0.5829254);(-3.6, -22.7, 3.0);(-21.5, 1.0, 14.7)
(-19.8, 6.2, 11.4);(0.501597);(-3.6, -22.9, 3.0);(-21.5, 1.0, 14.7)
(-19.9, 5.9, 11.6);(0.4128983);(-3.5, -23.0, 2.9);(-21.5, 1.0, 14.7)
(-19.9, 5.5, 11.7);(0.3183134);(-3.5, -23.2, 2.9);(-21.5, 1.0, 14.7)
(-20.0, 5.2, 11.9);(0.2194072);(-3.5, -23.3, 2.9);(-21.5, 1.0, 14.7)
(-20.1, 4.8, 12.0);(0.1177978);(-3.5, -23.5, 2.9);(-21.5, 1.0, 14.7)
(-20.3, 4.5, 12.2);(0.01513163);(-3.5, -23.6, 2.9);(-21.5, 1.0, 14.7)
(-20.4, 4.1, 12.3);(-0.08694468);(-3.5, -23.8, 2.9);(-21.5, 1.0, 14.7)
(-20.6, 3.8, 12.4);(-0.1868101);(-3.5, -23.9, 2.9);(-21.5, 1.0, 14.7)
(-20.7, 3.4, 12.5);(-0.2828952);(-3.5, -24.1, 2.9);(-21.5, 1.0, 14.7)
(-20.9, 3.1, 12.6);(-0.3737056);(-3.5, -24.2, 2.9);(-21.5, 1.0, 14.7)
(-21.1, 2.7, 12.6);(-0.4578449);(-3.5, -24.4, 2.9);(-21.5, 1.0, 14.7)
(-21.3, 2.3, 12.7);(-0.534035);(-3.5, -24.5, 2.9);(-21.5, 1.0, 14.7)
(-21.3, 2.4, 12.8);(-0.4822746);(-0.1, 1.2, 3.3);(-21.5, 1.0, 14.7)
