(-9.6, 39.8, 12.3);(0.63583);(0.1, -5.7, -0.1);(11.5, 1.0, 2.0)
(-9.6, 39.7, 12.3);(0.6336513);(0.4, -5.9, 0.1);(11.5, 1.0, 2.0)
(-9.6, 39.6, 12.3);(0.6364647);(0.7, -6.2, 0.2);(11.5, 1.0, 2.0)
(-9.6, 39.4, 12.3);(0.6442713);(1.0, -6.5, 0.3);(11.5, 1.0, 2.0)
(-9.5, 39.3, 12.4);(0.6570889);(1.2, -6.8, 0.5);(11.5, 1.0, 2.0)
(-9.5, 39.1, 12.4);(0.6738657);(1.4, -7.0, 0.7);(11.5, 1.0, 2.0)
(-9.4, 38.9, 12.4);(0.6947706);(1.6, -7.2, 0.8);(11.5, 1.0, 2.0)
(-9.4, 38.8, 12.4);(0.7190373);(1.8, -7.4, 1.0);(11.5, 1.0, 2.0)
(-9.3, 38.6, 12.5);(0.7459468);(2.0, -7.6, 1.2);(11.5, 1.0, 2.0)
(-9.2, 38.4, 12.5);(0.7746134);(2.1, -7.8, 1.4);(11.5, 1.0, 2.0)
(-9.1, 38.2, 12.6);(0.8044872);(2.3, -7.9, 1.6);(11.5, 1.0, 2.0)
(-9.0, 38.0, 12.6);(0.8344512);(2.3, -8.1, 1.8);(11.5, 1.0, 2.0)
(-8.9, 37.8, 12.7);(0.8636493);(2.4, -8.2, 2.0);(11.5, 1.0, 2.0)
(-8.8, 37.6, 12.8);(0.8913108);(2.4, -8.3, 2.2);(11.5, 1.0, 2.0)
(-8.7, 37.4, 12.9);(0.9168938);(2.4, -8.4, 2.4);(11.5, 1.0, 2.0)
(-8.7, 37.2, 13.0);(0.93987);(2.3, -8.5, 2.6);(11.5, 1.0, 2.0)
(-8.6, 37.0, 13.1);(0.9600081);(2.3, -8.6, 2.8);(11.5, 1.0, 2.0)
(-8.5, 36.8, 13.3);(0.9763919);(2.3, -8.6, 2.9);(11.5, 1.0, 2.0)
(-8.4, 36.6, 13.4);(0.9886319);(2.2, -8.7, 3.1);(11.5, 1.0, 2.0)
(-8.3, 36.5, 13.5);(0.9961622);(2.1, -8.8, 3.2);(11.5, 1.0, 2.0)
(-8.2, 36.3, 13.7);(0.9985353);(2.1, -8.8, 3.3);(11.5, 1.0, 2.0)
(-8.1, 36.1, 13.8);(0.9952511);(2.0, -8.9, 3.5);(11.5, 1.0, 2.0)
(-8.1, 35.9, 14.0);(0.9858639);(1.9, -8.9, 3.6);(11.5, 1.0, 2.0)
(-8.0, 35.8, 14.2);(0.9698454);(1.8, -9.0, 3.7);(11.5, 1.0, 2.0)
(-8.0, 35.6, 14.3);(0.9469457);(1.7, -9.0, 3.7);(11.5, 1.0, 2.0)
(-7.9, 35.5, 14.5);(0.9168342);(1.5, -9.0, 3.8);(11.5, 1.0, 2.0)
(-7.9, 35.4, 14.7);(0.8794741);(1.4, -9.0, 3.8);(11.5, 1.0, 2.0)
(-7.8, 35.2, 14.8);(0.8345863);(1.2, -9.0, 3.8);(11.5, 1.0, 2.0)
(-7.8, 35.1, 15.0);(0.7827391);(1.1, -9.0, 3.8);(11.5, 1.0, 2.0)
(-7.8, 35.0, 15.2);(0.7244106);(0.9, -9.0, 3.7);(11.5, 1.0, 2.0)
(-7.8, 34.9, 15.3);(0.6602737);(0.7, -9.0, 3.5);(11.5, 1.0, 2.0)
(-7.8, 34.8, 15.4);(0.5912126);(0.5, -9.1, 3.3);(11.5, 1.0, 2.0)
(-7.8, 34.7, 15.5);(0.5177201);(0.3, -9.1, 3.1);(11.5, 1.0, 2.0)
(-7.8, 34.7, 15.7);(0.4408175);(0.1, -9.2, 2.9);(11.5, 1.0, 2.0)
(-7.8, 34.6, 15.8);(0.36184);(-0.1, -9.3, 2.6);(11.5, 1.0, 2.0)
(-7.9, 34.5, 15.8);(0.2820662);(-0.4, -9.5, 2.3);(11.5, 1.0, 2.0)
(-7.9, 34.4, 15.9);(0.202844);(-0.7, -9.7, 2.0);(11.5, 1.0, 2.0)
(-8.0, 34.3, 15.9);(0.1278976);(-0.9, -10.0, 1.6);(11.5, 1.0, 2.0)
(-8.1, 34.2, 16.0);(0.0569676);(-1.1, -10.4, 1.3);(11.5, 1.0, 2.0)
(-8.2, 34.0, 16.0);(-0.008128448);(-1.3, -10.8, 0.9);(11.5, 1.0, 2.0)
(-8.3, 33.9, 16.0);(-0.06504044);(-1.4, -11.3, 0.5);(11.5, 1.0, 2.0)
(-8.4, 33.7, 15.9);(-0.1145068);(-1.6, -11.7, 0.2);(11.5, 1.0, 2.0)
(-8.5, 33.5, 15.9);(-0.1545837);(-1.6, -12.3, -0.2);(11.5, 1.0, 2.0)
(-8.6, 33.3, 15.8);(-0.184974);(-1.6, -12.8, -0.5);(11.5, 1.0, 2.0)
(-8.7, 33.0, 15.8);(-0.2058648);(-1.6, -13.4, -0.8);(11.5, 1.0, 2.0)
(-8.9, 32.8, 15.7);(-0.2170682);(-1.5, -13.9, -1.1);(11.5, 1.0, 2.0)
(-9.0, 32.5, 15.6);(-0.2180824);(-1.4, -14.5, -1.4);(11.5, 1.0, 2.0)
(-9.1, 32.2, 15.5);(-0.2084424);(-1.2, -15.1, -1.5);(11.5, 1.0, 2.0)
(-9.2, 31.8, 15.4);(-0.1883478);(-1.0, -15.7, -1.6);(11.5, 1.0, 2.0)
(-9.2, 31.5, 15.3);(-0.1579883);(-0.7, -16.3, -1.7);(11.5, 1.0, 2.0)
(-9.3, 31.1, 15.2);(-0.1175225);(-0.4, -16.8, -1.8);(11.5, 1.0, 2.0)
(-9.4, 30.7, 15.1);(-0.06738874);(-0.1, -17.4, -1.8);(11.5, 1.0, 2.0)
(-9.4, 30.2, 14.9);(-0.007791758);(0.2, -17.9, -1.9);(11.5, 1.0, 2.0)
(-9.4, 29.8, 14.8);(0.06068074);(0.5, -18.4, -1.9);(11.5, 1.0, 2.0)
(-9.4, 29.3, 14.7);(0.1374115);(0.9, -18.9, -2.0);(11.5, 1.0, 2.0)
(-9.4, 28.8, 14.6);(0.2213122);(1.3, -19.4, -2.1);(11.5, 1.0, 2.0)
(-9.3, 28.3, 14.5);(0.3104497);(1.6, -19.8, -2.3);(11.5, 1.0, 2.0)
(-9.3, 27.8, 14.3);(0.4017757);(2.0, -20.1, -2.4);(11.5, 1.0, 2.0)
(-9.2, 27.3, 14.2);(0.491778);(2.3, -20.4, -2.5);(11.5, 1.0, 2.0)
(-9.0, 26.8, 14.0);(0.5757121);(2.6, -20.6, -2.7);(11.5, 1.0, 2.0)
(-8.9, 26.3, 13.8);(0.6498747);(2.8, -20.7, -2.9);(11.5, 1.0, 2.0)
(-8.7, 25.8, 13.7);(0.7100945);(3.0, -20.7, -3.0);(11.5, 1.0, 2.0)
(-8.5, 25.3, 13.5);(0.7545854);(3.1, -20.8, -3.1);(11.5, 1.0, 2.0)
(-8.3, 24.8, 13.3);(0.7828125);(3.2, -20.8, -3.2);(11.5, 1.0, 2.0)
(-8.1, 24.4, 13.2);(0.7943516);(3.3, -20.8, -3.2);(11.5, 1.0, 2.0)
(-7.9, 24.0, 13.1);(0.7891134);(3.3, -20.9, -3.3);(11.5, 1.0, 2.0)
(-7.7, 23.6, 12.9);(0.7675974);(3.4, -20.9, -3.3);(11.5, 1.0, 2.0)
(-7.4, 23.2, 12.8);(0.7303095);(3.4, -21.0, -3.3);(11.5, 1.0, 2.0)
(-7.2, 22.8, 12.7);(0.6781836);(3.3, -21.1, -3.3);(11.5, 1.0, 2.0)
(-7.0, 22.5, 12.6);(0.6125323);(3.3, -21.2, -3.3);(11.5, 1.0, 2.0)
(-6.8, 22.2, 12.6);(0.5351146);(3.3, -21.4, -3.2);(11.5, 1.0, 2.0)
(-6.6, 21.8, 12.5);(0.4475783);(3.3, -21.5, -3.2);(11.5, 1.0, 2.0)
(-6.4, 21.5, 12.5);(0.3516766);(3.3, -21.7, -3.2);(11.5, 1.0, 2.0)
(-6.2, 21.2, 12.5);(0.2493072);(3.3, -21.8, -3.2);(11.5, 1.0, 2.0)
(-6.1, 20.9, 12.5);(0.142472);(3.3, -22.0, -3.2);(11.5, 1.0, 2.0)
(-5.9, 20.6, 12.5);(0.03323984);(3.3, -22.1, -3.2);(11.5, 1.0, 2.0)
(-5.8, 20.3, 12.5);(-0.07629608);(3.3, -22.3, -3.2);(11.5, 1.0, 2.0)
(-5.7, 20.0, 12.6);(-0.1840575);(3.3, -22.4, -3.2);(11.5, 1.0, 2.0)
(-5.7, 19.6, 12.6);(-0.2880203);(3.3, -22.6, -3.2);(11.5, 1.0, 2.0)
(-5.6, 19.3, 12.6);(-0.386252);(3.3, -22.7, -3.2);(11.5, 1.0, 2.0)
(-5.6, 19.0, 12.7);(-0.4769467);(3.3, -22.9, -3.2);(11.5, 1.0, 2.0)
(-5.6, 18.6, 12.8);(-0.5584576);(3.3, -23.0, -3.2);(11.5, 1.0, 2.0)
(-5.6, 18.2, 12.8);(-0.6293244);(3.2, -23.2, -3.2);(11.5, 1.0, 2.0)
(-5.6, 17.9, 12.9);(-0.6882995);(3.2, -23.3, -3.2);(11.5, 1.0, 2.0)
(-5.6, 17.4, 12.9);(-0.7343664);(3.2, -23.5, -3.2);(11.5, 1.0, 2.0)
(-5.7, 17.0, 13.0);(-0.7667565);(3.2, -23.6, -3.1);(11.5, 1.0, 2.0)
(-5.8, 16.6, 13.0);(-0.7849591);(3.2, -23.8, -3.1);(11.5, 1.0, 2.0)
(-5.8, 16.1, 13.0);(-0.7887272);(3.2, -23.9, -3.1);(11.5, 1.0, 2.0)
(-5.9, 15.6, 13.0);(-0.7780787);(3.2, -24.1, -3.1);(11.5, 1.0, 2.0)
(-6.0, 15.1, 13.0);(-0.7532921);(3.2, -24.2, -3.1);(11.5, 1.0, 2.0)
(-6.1, 14.6, 13.0);(-0.7148979);(3.2, -24.4, -3.1);(11.5, 1.0, 2.0)
(-6.2, 14.0, 13.0);(-0.6636657);(3.2, -24.5, -3.1);(11.5, 1.0, 2.0)
(-6.3, 13.4, 12.9);(-0.6005866);(3.2, -24.7, -3.1);(11.5, 1.0, 2.0)
(-6.3, 12.9, 12.9);(-0.526853);(3.2, -24.8, -3.1);(11.5, 1.0, 2.0)
(-6.4, 12.3, 12.8);(-0.4438351);(3.2, -24.9, -3.1);(11.5, 1.0, 2.0)
(-6.5, 11.7, 12.7);(-0.3530523);(3.2, -25.1, -3.1);(11.5, 1.0, 2.0)
(-6.5, 11.0, 12.6);(-0.2561463);(3.2, -25.2, -3.1);(11.5, 1.0, 2.0)
(-6.5, 10.4, 12.5);(-0.1548499);(3.1, -25.4, -3.1);(11.5, 1.0, 2.0)
(-6.5, 9.8, 12.4);(-0.05095442);(3.1, -25.5, -3.1);(11.5, 1.0, 2.0)
(-6.5, 9.1, 12.2);(0.05372026);(3.1, -25.7, -3.1);(11.5, 1.0, 2.0)
(-6.5, 8.5, 12.1);(0.1573596);(3.1, -25.8, -3.1);(11.5, 1.0, 2.0)
(-6.5, 7.8, 11.9);(0.2581847);(3.1, -26.0, -3.1);(11.5, 1.0, 2.0)
(-6.4, 7.2, 11.7);(0.354483);(3.1, -26.1, -3.0);(11.5, 1.0, 2.0)
(-6.3, 6.5, 11.5);(0.4446354);(3.1, -26.2, -3.0);(11.5, 1.0, 2.0)
(-6.2, 5.9, 11.4);(0.5271451);(3.1, -26.4, -3.0);(11.5, 1.0, 2.0)
(-6.1, 5.3, 11.2);(0.6006588);(3.1, -26.5, -3.0);(11.5, 1.0, 2.0)
(-5.9, 4.7, 11.0);(0.6639894);(3.1, -26.7, -3.0);(11.5, 1.0, 2.0)
(-5.8, 4.1, 10.9);(0.7161323);(3.1, -26.8, -3.0);(11.5, 1.0, 2.0)
(-5.6, 3.5, 10.7);(0.7562814);(3.1, -27.0, -3.0);(11.5, 1.0, 2.0)
(-5.4, 2.9, 10.5);(0.7838383);(3.1, -27.1, -3.0);(11.5, 1.0, 2.0)
(-5.2, 2.3, 10.4);(0.7984205);(3.1, -27.2, -3.0);(11.5, 1.0, 2.0)
(-5.0, 1.8, 10.2);(0.7998641);(3.1, -27.4, -3.0);(11.5, 1.0, 2.0)
(-4.8, 1.2, 10.1);(0.7882236);(3.1, -27.5, -3.0);(11.5, 1.0, 2.0)
(-4.8, 1.3, 10.1);(0.7779176);(-0.5, 0.2, 1.0);(11.5, 1.0, 2.0)
