(7.0, 33.8, 9.7);(0.7943812);(0.2, -4.9, -0.4);(-16.4, 1.0, 4.0)
(7.0, 33.6, 9.7);(0.798154);(0.2, -5.1, -0.4);(-16.4, 1.0, 4.0)
(7.0, 33.5, 9.7);(0.801898);(0.2, -5.3, -0.4);(-16.4, 1.0, 4.0)
(7.0, 33.4, 9.7);(0.8056129);(0.2, -5.5, -0.4);(-16.4, 1.0, 4.0)
(7.0, 33.3, 9.7);(0.8092983);(0.2, -5.7, -0.4);(-16.4, 1.0, 4.0)
(7.0, 33.2, 9.7);(0.8129539);(0.2, -5.8, -0.4);(-16.4, 1.0, 4.0)
(7.0, 33.1, 9.7);(0.8165794);(0.2, -6.0, -0.4);(-16.4, 1.0, 4.0)
(7.0, 32.9, 9.7);(0.8201742);(0.2, -6.2, -0.4);(-16.4, 1.0, 4.0)
(7.0, 32.8, 9.7);(0.8237382);(0.2, -6.4, -0.4);(-16.4, 1.0, 4.0)
(7.0, 32.7, 9.7);(0.8272708);(0.2, -6.6, -0.4);(-16.4, 1.0, 4.0)
(7.0, 32.5, 9.7);(0.8307721);(0.2, -6.8, -0.4);(-16.4, 1.0, 4.0)
(7.0, 32.4, 9.7);(0.8341309);(0.2, -6.9, -0.4);(-16.4, 1.0, 4.0)
(7.0, 32.2, 9.7);(0.8371904);(0.2, -7.1, -0.4);(-16.4, 1.0, 4.0)
(7.0, 32.1, 9.7);(0.839712);(0.2, -7.2, -0.3);(-16.4, 1.0, 4.0)
(7.0, 31.9, 9.7);(0.8417206);(0.2, -7.4, -0.3);(-16.4, 1.0, 4.0)
(7.0, 31.8, 9.7);(0.8432438);(0.2, -7.5, -0.3);(-16.4, 1.0, 4.0)
(7.0, 31.6, 9.7);(0.8439125);(0.2, -7.6, -0.3);(-16.4, 1.0, 4.0)
(7.0, 31.5, 9.7);(0.843812);(0.2, -7.7, -0.3);(-16.4, 1.0, 4.0)
(7.0, 31.3, 9.7);(0.8425814);(0.2, -7.8, -0.2);(-16.4, 1.0, 4.0)
(7.0, 31.2, 9.7);(0.8401722);(0.3, -7.8, -0.2);(-16.4, 1.0, 4.0)
(7.0, 31.0, 9.7);(0.8365661);(0.3, -7.9, -0.2);(-16.4, 1.0, 4.0)
(7.0, 30.9, 9.7);(0.8318844);(0.3, -8.0, -0.2);(-16.4, 1.0, 4.0)
(7.0, 30.7, 9.7);(0.8256976);(0.3, -8.0, -0.2);(-16.4, 1.0, 4.0)
(7.0, 30.6, 9.7);(0.8175926);(0.3, -8.0, -0.2);(-16.4, 1.0, 4.0)
(7.1, 30.4, 9.8);(0.8077917);(0.3, -8.0, -0.2);(-16.4, 1.0, 4.0)
(7.1, 30.3, 9.8);(0.7959689);(0.3, -8.0, -0.2);(-16.4, 1.0, 4.0)
(7.1, 30.1, 9.8);(0.782081);(0.3, -8.0, -0.3);(-16.4, 1.0, 4.0)
(7.1, 30.0, 9.8);(0.7664031);(0.3, -8.0, -0.4);(-16.4, 1.0, 4.0)
(7.2, 29.8, 9.8);(0.7492685);(0.2, -7.9, -0.4);(-16.4, 1.0, 4.0)
(7.2, 29.7, 9.8);(0.7312564);(0.1, -7.9, -0.5);(-16.4, 1.0, 4.0)
(7.2, 29.6, 9.8);(0.7128891);(-0.1, -8.0, -0.6);(-16.4, 1.0, 4.0)
(7.2, 29.4, 9.8);(0.6944624);(-0.2, -8.0, -0.7);(-16.4, 1.0, 4.0)
(7.2, 29.3, 9.7);(0.6762909);(-0.3, -8.1, -0.8);(-16.4, 1.0, 4.0)
(7.2, 29.2, 9.7);(0.658932);(-0.5, -8.2, -0.9);(-16.4, 1.0, 4.0)
(7.3, 29.0, 9.7);(0.6425935);(-0.7, -8.3, -1.0);(-16.4, 1.0, 4.0)
(7.2, 28.9, 9.7);(0.6282712);(-0.9, -8.4, -1.0);(-16.4, 1.0, 4.0)
(7.2, 28.7, 9.7);(0.6156916);(-1.1, -8.5, -1.1);(-16.4, 1.0, 4.0)
(7.2, 28.5, 9.6);(0.604585);(-1.3, -8.6, -1.2);(-16.4, 1.0, 4.0)
(7.2, 28.4, 9.6);(0.5960538);(-1.5, -8.8, -1.3);(-16.4, 1.0, 4.0)
(7.2, 28.2, 9.6);(0.5901424);(-1.8, -8.9, -1.3);(-16.4, 1.0, 4.0)
(7.1, 28.0, 9.5);(0.5865149);(-2.0, -9.1, -1.4);(-16.4, 1.0, 4.0)
(7.1, 27.8, 9.5);(0.5850323);(-2.2, -9.2, -1.5);(-16.4, 1.0, 4.0)
(7.1, 27.7, 9.5);(0.5851537);(-2.4, -9.3, -1.6);(-16.4, 1.0, 4.0)
(7.0, 27.5, 9.4);(0.5876184);(-2.6, -9.5, -1.7);(-16.4, 1.0, 4.0)
(6.9, 27.3, 9.4);(0.5919928);(-2.8, -9.6, -1.7);(-16.4, 1.0, 4.0)
(6.9, 27.1, 9.3);(0.5985386);(-3.0, -9.7, -1.7);(-16.4, 1.0, 4.0)
(6.8, 26.9, 9.3);(0.6071329);(-3.3, -9.8, -1.7);(-16.4, 1.0, 4.0)
(6.7, 26.6, 9.2);(0.6171198);(-3.5, -9.9, -1.7);(-16.4, 1.0, 4.0)
(6.6, 26.4, 9.2);(0.6286761);(-3.7, -10.0, -1.7);(-16.4, 1.0, 4.0)
(6.6, 26.2, 9.1);(0.6412278);(-3.9, -10.1, -1.7);(-16.4, 1.0, 4.0)
(6.5, 26.0, 9.1);(0.6542698);(-4.1, -10.2, -1.6);(-16.4, 1.0, 4.0)
(6.4, 25.8, 9.1);(0.6682315);(-4.3, -10.3, -1.6);(-16.4, 1.0, 4.0)
(6.3, 25.5, 9.0);(0.6824244);(-4.4, -10.3, -1.6);(-16.4, 1.0, 4.0)
(6.1, 25.3, 9.0);(0.6968732);(-4.6, -10.4, -1.6);(-16.4, 1.0, 4.0)
(6.0, 25.1, 9.0);(0.7112879);(-4.8, -10.4, -1.6);(-16.4, 1.0, 4.0)
(5.9, 24.9, 8.9);(0.7255407);(-4.9, -10.4, -1.6);(-16.4, 1.0, 4.0)
(5.8, 24.6, 8.9);(0.73932);(-5.1, -10.4, -1.6);(-16.4, 1.0, 4.0)
(5.7, 24.4, 8.9);(0.7524616);(-5.2, -10.4, -1.6);(-16.4, 1.0, 4.0)
(5.5, 24.2, 8.8);(0.7656643);(-5.3, -10.4, -1.5);(-16.4, 1.0, 4.0)
(5.4, 24.0, 8.8);(0.7782055);(-5.5, -10.4, -1.5);(-16.4, 1.0, 4.0)
(5.3, 23.7, 8.8);(0.7899548);(-5.6, -10.4, -1.5);(-16.4, 1.0, 4.0)
(5.2, 23.5, 8.8);(0.8004992);(-5.6, -10.4, -1.5);(-16.4, 1.0, 4.0)
(5.0, 23.3, 8.7);(0.8103399);(-5.7, -10.4, -1.5);(-16.4, 1.0, 4.0)
(4.9, 23.1, 8.7);(0.8190339);(-5.8, -10.3, -1.5);(-16.4, 1.0, 4.0)
(4.8, 22.9, 8.7);(0.8270296);(-5.9, -10.3, -1.5);(-16.4, 1.0, 4.0)
(4.6, 22.7, 8.7);(0.8343768);(-6.0, -10.2, -1.5);(-16.4, 1.0, 4.0)
(4.5, 22.4, 8.6);(0.840913);(-6.1, -10.2, -1.5);(-16.4, 1.0, 4.0)
(4.3, 22.2, 8.6);(0.8463387);(-6.1, -10.2, -1.5);(-16.4, 1.0, 4.0)
(4.2, 22.0, 8.6);(0.8507719);(-6.2, -10.1, -1.6);(-16.4, 1.0, 4.0)
(4.1, 21.8, 8.6);(0.8543469);(-6.2, -10.0, -1.7);(-16.4, 1.0, 4.0)
(3.9, 21.6, 8.5);(0.8576076);(-6.3, -9.9, -1.7);(-16.4, 1.0, 4.0)
(3.8, 21.4, 8.5);(0.859825);(-6.4, -9.9, -1.7);(-16.4, 1.0, 4.0)
(3.7, 21.2, 8.5);(0.8613682);(-6.4, -9.8, -1.8);(-16.4, 1.0, 4.0)
(3.5, 21.0, 8.4);(0.8626662);(-6.5, -9.7, -1.8);(-16.4, 1.0, 4.0)
(3.4, 20.8, 8.4);(0.8632814);(-6.6, -9.6, -1.9);(-16.4, 1.0, 4.0)
(3.3, 20.6, 8.4);(0.8634666);(-6.7, -9.5, -2.0);(-16.4, 1.0, 4.0)
(3.1, 20.5, 8.3);(0.8633658);(-6.8, -9.4, -2.1);(-16.4, 1.0, 4.0)
(3.0, 20.3, 8.3);(0.8628536);(-6.8, -9.4, -2.2);(-16.4, 1.0, 4.0)
(2.9, 20.1, 8.2);(0.8621517);(-6.9, -9.3, -2.3);(-16.4, 1.0, 4.0)
(2.7, 19.9, 8.2);(0.8614774);(-7.0, -9.2, -2.4);(-16.4, 1.0, 4.0)
(2.6, 19.7, 8.1);(0.8610458);(-7.2, -9.2, -2.5);(-16.4, 1.0, 4.0)
(2.5, 19.5, 8.0);(0.8606433);(-7.3, -9.1, -2.5);(-16.4, 1.0, 4.0)
(2.3, 19.3, 8.0);(0.8613401);(-7.5, -9.1, -2.6);(-16.4, 1.0, 4.0)
(2.1, 19.2, 7.9);(0.86292);(-7.7, -9.1, -2.6);(-16.4, 1.0, 4.0)
(2.0, 19.0, 7.9);(0.8648709);(-7.8, -9.0, -2.6);(-16.4, 1.0, 4.0)
(1.8, 18.8, 7.8);(0.8677257);(-8.0, -9.0, -2.5);(-16.4, 1.0, 4.0)
(1.7, 18.6, 7.7);(0.8709961);(-8.1, -9.0, -2.5);(-16.4, 1.0, 4.0)
(1.5, 18.4, 7.7);(0.8750846);(-8.3, -8.9, -2.4);(-16.4, 1.0, 4.0)
(1.3, 18.2, 7.6);(0.8799254);(-8.5, -8.9, -2.4);(-16.4, 1.0, 4.0)
(1.1, 18.1, 7.6);(0.8850007);(-8.6, -8.9, -2.4);(-16.4, 1.0, 4.0)
(0.9, 17.9, 7.6);(0.8900945);(-8.7, -8.8, -2.3);(-16.4, 1.0, 4.0)
(0.7, 17.7, 7.5);(0.894377);(-8.8, -8.8, -2.2);(-16.4, 1.0, 4.0)
(0.5, 17.5, 7.5);(0.898192);(-8.9, -8.7, -2.2);(-16.4, 1.0, 4.0)
(0.4, 17.3, 7.4);(0.900719);(-8.9, -8.5, -2.2);(-16.4, 1.0, 4.0)
(0.2, 17.2, 7.4);(0.9024482);(-9.0, -8.4, -2.1);(-16.4, 1.0, 4.0)
(0.0, 17.0, 7.4);(0.9029858);(-9.0, -8.3, -2.1);(-16.4, 1.0, 4.0)
(-0.2, 16.8, 7.4);(0.9022763);(-9.0, -8.2, -2.0);(-16.4, 1.0, 4.0)
(-0.4, 16.7, 7.3);(0.8996944);(-9.0, -8.1, -2.0);(-16.4, 1.0, 4.0)
(-0.5, 16.5, 7.3);(0.8951911);(-8.9, -7.9, -2.1);(-16.4, 1.0, 4.0)
(-0.7, 16.4, 7.3);(0.8887689);(-8.9, -7.8, -2.0);(-16.4, 1.0, 4.0)
(-0.9, 16.2, 7.3);(0.8797047);(-8.8, -7.7, -2.0);(-16.4, 1.0, 4.0)
(-1.0, 16.1, 7.3);(0.8679391);(-8.8, -7.5, -2.0);(-16.4, 1.0, 4.0)
(-1.2, 16.0, 7.3);(0.8530274);(-8.7, -7.4, -2.0);(-16.4, 1.0, 4.0)
(-1.3, 15.9, 7.2);(0.8347824);(-8.7, -7.3, -2.0);(-16.4, 1.0, 4.0)
(-1.5, 15.7, 7.2);(0.8128211);(-8.7, -7.2, -1.9);(-16.4, 1.0, 4.0)
(-1.6, 15.6, 7.2);(0.7868244);(-8.7, -7.1, -1.9);(-16.4, 1.0, 4.0)
(-1.8, 15.5, 7.2);(0.7561969);(-8.7, -7.0, -1.8);(-16.4, 1.0, 4.0)
(-1.9, 15.4, 7.2);(0.7204046);(-8.7, -7.0, -1.8);(-16.4, 1.0, 4.0)
(-2.1, 15.3, 7.3);(0.6796648);(-8.7, -6.9, -1.8);(-16.4, 1.0, 4.0)
(-2.2, 15.3, 7.3);(0.6340904);(-8.7, -6.9, -1.7);(-16.4, 1.0, 4.0)
(-2.3, 15.2, 7.3);(0.5838864);(-8.7, -7.0, -1.7);(-16.4, 1.0, 4.0)
(-2.5, 15.1, 7.3);(0.5299193);(-8.7, -7.1, -1.8);(-16.4, 1.0, 4.0)
(-2.6, 15.0, 7.3);(0.4726131);(-8.7, -7.2, -1.8);(-16.4, 1.0, 4.0)
(-2.8, 15.0, 7.3);(0.4128597);(-8.7, -7.3, -1.8);(-16.4, 1.0, 4.0)
(-3.0, 14.9, 7.3);(0.351288);(-8.7, -7.5, -1.8);(-16.4, 1.0, 4.0)
(-3.1, 14.8, 7.3);(0.2882511);(-8.6, -7.7, -1.8);(-16.4, 1.0, 4.0)
(-3.3, 14.7, 7.3);(0.2240483);(-8.6, -7.8, -1.8);(-16.4, 1.0, 4.0)
(-3.5, 14.7, 7.2);(0.1589804);(-8.6, -8.0, -1.8);(-16.4, 1.0, 4.0)
(-3.6, 14.6, 7.2);(0.0933506);(-8.6, -8.2, -1.8);(-16.4, 1.0, 4.0)
(-3.8, 14.5, 7.2);(0.02745994);(-8.6, -8.4, -1.8);(-16.4, 1.0, 4.0)
(-4.0, 14.4, 7.2);(-0.03839117);(-8.5, -8.6, -1.8);(-16.4, 1.0, 4.0)
(-4.2, 14.3, 7.2);(-0.1039058);(-8.5, -8.7, -1.8);(-16.4, 1.0, 4.0)
(-4.4, 14.2, 7.1);(-0.1687916);(-8.5, -8.9, -1.8);(-16.4, 1.0, 4.0)
(-4.6, 14.1, 7.1);(-0.2327623);(-8.5, -9.1, -1.8);(-16.4, 1.0, 4.0)
(-4.8, 14.0, 7.1);(-0.2955376);(-8.5, -9.3, -1.7);(-16.4, 1.0, 4.0)
(-5.0, 13.9, 7.0);(-0.3568461);(-8.5, -9.5, -1.7);(-16.4, 1.0, 4.0)
(-5.2, 13.8, 7.0);(-0.4164256);(-8.4, -9.6, -1.7);(-16.4, 1.0, 4.0)
(-5.4, 13.6, 6.9);(-0.4740238);(-8.4, -9.8, -1.7);(-16.4, 1.0, 4.0)
(-5.6, 13.5, 6.9);(-0.5293999);(-8.4, -10.0, -1.7);(-16.4, 1.0, 4.0)
(-5.8, 13.4, 6.8);(-0.5823256);(-8.4, -10.2, -1.7);(-16.4, 1.0, 4.0)
(-6.0, 13.2, 6.8);(-0.6325845);(-8.4, -10.3, -1.7);(-16.4, 1.0, 4.0)
(-6.2, 13.1, 6.7);(-0.679975);(-8.4, -10.5, -1.7);(-16.4, 1.0, 4.0)
(-6.4, 12.9, 6.6);(-0.7243097);(-8.3, -10.7, -1.7);(-16.4, 1.0, 4.0)
(-6.7, 12.7, 6.6);(-0.7654164);(-8.3, -10.9, -1.7);(-16.4, 1.0, 4.0)
(-6.9, 12.6, 6.5);(-0.8031378);(-8.3, -11.0, -1.7);(-16.4, 1.0, 4.0)
(-7.1, 12.4, 6.4);(-0.8373337);(-8.3, -11.2, -1.7);(-16.4, 1.0, 4.0)
(-7.3, 12.2, 6.3);(-0.8678798);(-8.3, -11.4, -1.7);(-16.4, 1.0, 4.0)
(-7.5, 12.0, 6.3);(-0.8946684);(-8.3, -11.6, -1.7);(-16.4, 1.0, 4.0)
(-7.8, 11.8, 6.2);(-0.9176092);(-8.2, -11.7, -1.7);(-16.4, 1.0, 4.0)
(-8.0, 11.6, 6.1);(-0.9366289);(-8.2, -11.9, -1.7);(-16.4, 1.0, 4.0)
(-8.2, 11.3, 6.0);(-0.9516716);(-8.2, -12.1, -1.7);(-16.4, 1.0, 4.0)
(-8.4, 11.1, 5.9);(-0.9626982);(-8.2, -12.2, -1.7);(-16.4, 1.0, 4.0)
(-8.7, 10.9, 5.9);(-0.9696871);(-8.2, -12.4, -1.7);(-16.4, 1.0, 4.0)
(-8.9, 10.6, 5.8);(-0.9726335);(-8.2, -12.6, -1.7);(-16.4, 1.0, 4.0)
(-9.1, 10.4, 5.7);(-0.9715496);(-8.1, -12.8, -1.7);(-16.4, 1.0, 4.0)
(-9.3, 10.1, 5.6);(-0.9664638);(-8.1, -12.9, -1.7);(-16.4, 1.0, 4.0)
(-9.6, 9.8, 5.5);(-0.9574209);(-8.1, -13.1, -1.7);(-16.4, 1.0, 4.0)
(-9.8, 9.6, 5.4);(-0.9444813);(-8.1, -13.3, -1.7);(-16.4, 1.0, 4.0)
(-10.0, 9.3, 5.3);(-0.9277208);(-8.1, -13.4, -1.7);(-16.4, 1.0, 4.0)
(-10.2, 9.0, 5.3);(-0.9072298);(-8.1, -13.6, -1.7);(-16.4, 1.0, 4.0)
(-10.4, 8.7, 5.2);(-0.8831131);(-8.0, -13.8, -1.7);(-16.4, 1.0, 4.0)
(-10.6, 8.4, 5.1);(-0.8554887);(-8.0, -13.9, -1.7);(-16.4, 1.0, 4.0)
(-10.8, 8.0, 5.0);(-0.8244879);(-8.0, -14.1, -1.7);(-16.4, 1.0, 4.0)
(-11.0, 7.7, 4.9);(-0.7902539);(-8.0, -14.3, -1.6);(-16.4, 1.0, 4.0)
(-11.2, 7.4, 4.8);(-0.7529414);(-8.0, -14.4, -1.6);(-16.4, 1.0, 4.0)
(-11.4, 7.0, 4.8);(-0.712716);(-8.0, -14.6, -1.6);(-16.4, 1.0, 4.0)
(-11.6, 6.7, 4.7);(-0.6697528);(-8.0, -14.8, -1.6);(-16.4, 1.0, 4.0)
(-11.8, 6.3, 4.6);(-0.6242359);(-7.9, -14.9, -1.6);(-16.4, 1.0, 4.0)
(-12.0, 6.0, 4.5);(-0.576358);(-7.9, -15.1, -1.6);(-16.4, 1.0, 4.0)
(-12.2, 5.6, 4.5);(-0.5263186);(-7.9, -15.3, -1.6);(-16.4, 1.0, 4.0)
(-12.4, 5.2, 4.4);(-0.474324);(-7.9, -15.4, -1.6);(-16.4, 1.0, 4.0)
(-12.5, 4.8, 4.3);(-0.4205858);(-7.9, -15.6, -1.6);(-16.4, 1.0, 4.0)
(-12.7, 4.5, 4.3);(-0.3653201);(-7.9, -15.8, -1.6);(-16.4, 1.0, 4.0)
(-12.9, 4.1, 4.2);(-0.3087469);(-7.8, -15.9, -1.6);(-16.4, 1.0, 4.0)
(-13.0, 3.7, 4.1);(-0.2510895);(-7.8, -16.1, -1.6);(-16.4, 1.0, 4.0)
(-13.2, 3.3, 4.1);(-0.192572);(-7.8, -16.3, -1.6);(-16.4, 1.0, 4.0)
(-13.3, 2.9, 4.0);(-0.1334202);(-7.8, -16.4, -1.6);(-16.4, 1.0, 4.0)
(-13.5, 2.5, 4.0);(-0.07386033);(-7.8, -16.6, -1.6);(-16.4, 1.0, 4.0)
(-13.6, 2.1, 3.9);(-0.01411734);(-7.8, -16.8, -1.6);(-16.4, 1.0, 4.0)
(-13.8, 1.7, 3.9);(0.04558542);(-7.7, -16.9, -1.6);(-16.4, 1.0, 4.0)
(-13.9, 1.2, 3.9);(0.1050262);(-7.7, -17.1, -1.6);(-16.4, 1.0, 4.0)
(-14.0, 1.4, 3.9);(0.14495);(-5.0, -0.6, 1.8);(-16.4, 1.0, 4.0)
