(-4.0, 31.8, -10.0);(0.7120625);(0.0, -5.2, 0.0);(-6.4, 1.0, 17.2)
(-4.0, 31.7, -10.0);(0.7182648);(0.3, -5.4, -0.4);(-6.4, 1.0, 17.2)
(-4.0, 31.6, -10.1);(0.7306023);(0.7, -5.6, -0.6);(-6.4, 1.0, 17.2)
(-4.0, 31.4, -10.1);(0.747851);(1.0, -5.8, -0.9);(-6.4, 1.0, 17.2)
(-3.9, 31.3, -10.2);(0.768856);(1.2, -5.9, -1.2);(-6.4, 1.0, 17.2)
(-3.9, 31.1, -10.2);(0.7931765);(1.5, -6.1, -1.5);(-6.4, 1.0, 17.2)
(-3.8, 31.0, -10.3);(0.8192887);(1.8, -6.2, -1.8);(-6.4, 1.0, 17.2)
(-3.7, 30.8, -10.4);(0.8465116);(2.0, -6.3, -2.1);(-6.4, 1.0, 17.2)
(-3.6, 30.6, -10.5);(0.8725458);(2.2, -6.3, -2.4);(-6.4, 1.0, 17.2)
(-3.6, 30.5, -10.6);(0.8966419);(2.4, -6.4, -2.7);(-6.4, 1.0, 17.2)
(-3.5, 30.3, -10.8);(0.9173945);(2.6, -6.4, -2.9);(-6.4, 1.0, 17.2)
(-3.3, 30.2, -10.9);(0.9328161);(2.7, -6.3, -3.2);(-6.4, 1.0, 17.2)
(-3.2, 30.0, -11.1);(0.9402614);(2.7, -6.2, -3.5);(-6.4, 1.0, 17.2)
(-3.1, 29.9, -11.2);(0.9388903);(2.8, -6.1, -3.7);(-6.4, 1.0, 17.2)
(-3.0, 29.8, -11.4);(0.9276924);(2.8, -5.8, -3.8);(-6.4, 1.0, 17.2)
(-2.9, 29.7, -11.6);(0.9067003);(2.9, -5.6, -3.8);(-6.4, 1.0, 17.2)
(-2.8, 29.6, -11.8);(0.8760805);(2.8, -5.3, -3.6);(-6.4, 1.0, 17.2)
(-2.7, 29.6, -11.9);(0.8386632);(2.6, -5.1, -3.3);(-6.4, 1.0, 17.2)
(-2.6, 29.5, -12.1);(0.7952412);(2.5, -5.0, -3.0);(-6.4, 1.0, 17.2)
(-2.5, 29.5, -12.2);(0.7474957);(2.3, -4.8, -2.7);(-6.4, 1.0, 17.2)
(-2.5, 29.5, -12.3);(0.6976634);(2.0, -4.8, -2.3);(-6.4, 1.0, 17.2)
(-2.4, 29.4, -12.4);(0.6490905);(1.9, -4.9, -1.8);(-6.4, 1.0, 17.2)
(-2.4, 29.4, -12.5);(0.6015098);(1.8, -4.9, -1.4);(-6.4, 1.0, 17.2)
(-2.3, 29.3, -12.5);(0.5549291);(1.6, -4.9, -0.9);(-6.4, 1.0, 17.2)
(-2.3, 29.3, -12.6);(0.5093898);(1.5, -4.9, -0.5);(-6.4, 1.0, 17.2)
(-2.2, 29.2, -12.6);(0.4654104);(1.5, -4.9, 0.0);(-6.4, 1.0, 17.2)
(-2.2, 29.2, -12.6);(0.4232037);(1.4, -5.0, 0.5);(-6.4, 1.0, 17.2)
(-2.2, 29.1, -12.6);(0.382264);(1.4, -5.0, 1.0);(-6.4, 1.0, 17.2)
(-2.2, 29.1, -12.6);(0.3447386);(1.4, -5.2, 1.5);(-6.4, 1.0, 17.2)
(-2.1, 29.0, -12.6);(0.309208);(1.4, -5.3, 1.9);(-6.4, 1.0, 17.2)
(-2.1, 29.0, -12.6);(0.2757363);(1.4, -5.4, 2.4);(-6.4, 1.0, 17.2)
(-2.0, 28.9, -12.5);(0.2446934);(1.4, -5.5, 2.9);(-6.4, 1.0, 17.2)
(-2.0, 28.8, -12.5);(0.2143113);(1.5, -5.6, 3.4);(-6.4, 1.0, 17.2)
(-2.0, 28.7, -12.4);(0.1859153);(1.5, -5.7, 3.9);(-6.4, 1.0, 17.2)
(-1.9, 28.6, -12.3);(0.1602268);(1.4, -5.9, 4.4);(-6.4, 1.0, 17.2)
(-1.9, 28.5, -12.2);(0.1375081);(1.4, -6.1, 4.9);(-6.4, 1.0, 17.2)
(-1.9, 28.4, -12.1);(0.1164171);(1.4, -6.3, 5.3);(-6.4, 1.0, 17.2)
(-1.8, 28.3, -12.0);(0.09732153);(1.4, -6.5, 5.8);(-6.4, 1.0, 17.2)
(-1.8, 28.2, -11.9);(0.07988118);(1.4, -6.6, 6.3);(-6.4, 1.0, 17.2)
(-1.7, 28.1, -11.8);(0.06369166);(1.4, -6.8, 6.8);(-6.4, 1.0, 17.2)
(-1.7, 28.0, -11.6);(0.04987857);(1.3, -7.0, 7.3);(-6.4, 1.0, 17.2)
(-1.6, 27.9, -11.5);(0.03903893);(1.3, -7.3, 7.7);(-6.4, 1.0, 17.2)
(-1.6, 27.7, -11.3);(0.02981781);(1.2, -7.5, 8.2);(-6.4, 1.0, 17.2)
(-1.6, 27.6, -11.1);(0.02194101);(1.2, -7.7, 8.7);(-6.4, 1.0, 17.2)
(-1.5, 27.4, -10.9);(0.01502557);(1.2, -7.9, 9.1);(-6.4, 1.0, 17.2)
(-1.5, 27.3, -10.7);(0.00774951);(1.1, -8.0, 9.6);(-6.4, 1.0, 17.2)
(-1.4, 27.1, -10.5);(0.003157669);(1.0, -8.3, 10.1);(-6.4, 1.0, 17.2)
(-1.4, 26.9, -10.3);(0.001254455);(0.9, -8.6, 10.5);(-6.4, 1.0, 17.2)
(-1.4, 26.8, -10.1);(0.00167502);(0.9, -8.8, 10.9);(-6.4, 1.0, 17.2)
(-1.3, 26.6, -9.8);(0.002082838);(0.8, -9.0, 11.3);(-6.4, 1.0, 17.2)
(-1.3, 26.4, -9.6);(0.003398169);(0.7, -9.2, 11.8);(-6.4, 1.0, 17.2)
(-1.2, 26.2, -9.4);(0.005467065);(0.5, -9.4, 12.2);(-6.4, 1.0, 17.2)
(-1.2, 26.0, -9.1);(0.009383083);(0.4, -9.6, 12.5);(-6.4, 1.0, 17.2)
(-1.2, 25.8, -8.8);(0.01406657);(0.3, -9.8, 12.9);(-6.4, 1.0, 17.2)
(-1.2, 25.6, -8.6);(0.01891559);(0.1, -9.9, 13.2);(-6.4, 1.0, 17.2)
(-1.1, 25.4, -8.3);(0.02512599);(0.0, -10.2, 13.5);(-6.4, 1.0, 17.2)
(-1.1, 25.2, -8.0);(0.0315594);(-0.1, -10.3, 13.8);(-6.4, 1.0, 17.2)
(-1.1, 25.0, -7.7);(0.03949);(-0.3, -10.5, 14.1);(-6.4, 1.0, 17.2)
(-1.1, 24.7, -7.4);(0.04912021);(-0.5, -10.7, 14.4);(-6.4, 1.0, 17.2)
(-1.1, 24.5, -7.1);(0.06006918);(-0.6, -10.9, 14.6);(-6.4, 1.0, 17.2)
(-1.1, 24.3, -6.8);(0.07206143);(-0.7, -11.1, 14.9);(-6.4, 1.0, 17.2)
(-1.1, 24.0, -6.5);(0.08472195);(-0.9, -11.3, 15.1);(-6.4, 1.0, 17.2)
(-1.1, 23.8, -6.2);(0.09783442);(-1.0, -11.5, 15.3);(-6.4, 1.0, 17.2)
(-1.1, 23.5, -5.8);(0.1113193);(-1.0, -11.6, 15.5);(-6.4, 1.0, 17.2)
(-1.1, 23.3, -5.5);(0.1255287);(-1.1, -11.8, 15.7);(-6.4, 1.0, 17.2)
(-1.1, 23.0, -5.2);(0.1399904);(-1.2, -11.9, 15.9);(-6.4, 1.0, 17.2)
(-1.1, 22.8, -4.8);(0.1549607);(-1.3, -12.1, 16.1);(-6.4, 1.0, 17.2)
(-1.1, 22.5, -4.5);(0.1703904);(-1.4, -12.2, 16.3);(-6.4, 1.0, 17.2)
(-1.1, 22.2, -4.1);(0.1864214);(-1.5, -12.4, 16.4);(-6.4, 1.0, 17.2)
(-1.1, 22.0, -3.8);(0.2021852);(-1.6, -12.5, 16.5);(-6.4, 1.0, 17.2)
(-1.1, 21.7, -3.4);(0.2185581);(-1.7, -12.7, 16.7);(-6.4, 1.0, 17.2)
(-1.2, 21.4, -3.1);(0.2346244);(-1.7, -12.8, 16.8);(-6.4, 1.0, 17.2)
(-1.2, 21.1, -2.7);(0.250499);(-1.8, -13.0, 16.9);(-6.4, 1.0, 17.2)
(-1.2, 20.9, -2.3);(0.2660582);(-1.9, -13.1, 17.0);(-6.4, 1.0, 17.2)
(-1.2, 20.6, -2.0);(0.2816275);(-2.0, -13.2, 17.1);(-6.4, 1.0, 17.2)
(-1.2, 20.3, -1.6);(0.2969314);(-2.0, -13.4, 17.1);(-6.4, 1.0, 17.2)
(-1.3, 20.0, -1.2);(0.3118389);(-2.1, -13.5, 17.1);(-6.4, 1.0, 17.2)
(-1.3, 19.7, -0.8);(0.3263928);(-2.1, -13.7, 17.2);(-6.4, 1.0, 17.2)
(-1.3, 19.4, -0.5);(0.340649);(-2.2, -13.8, 17.2);(-6.4, 1.0, 17.2)
(-1.3, 19.1, -0.1);(0.3543372);(-2.2, -13.9, 17.3);(-6.4, 1.0, 17.2)
(-1.4, 18.8, 0.3);(0.3675036);(-2.2, -14.1, 17.3);(-6.4, 1.0, 17.2)
(-1.4, 18.5, 0.7);(0.3800997);(-2.3, -14.2, 17.3);(-6.4, 1.0, 17.2)
(-1.4, 18.2, 1.1);(0.3919796);(-2.3, -14.4, 17.3);(-6.4, 1.0, 17.2)
(-1.4, 17.9, 1.5);(0.4032558);(-2.3, -14.5, 17.3);(-6.4, 1.0, 17.2)
(-1.5, 17.6, 1.9);(0.413807);(-2.3, -14.7, 17.3);(-6.4, 1.0, 17.2)
(-1.5, 17.3, 2.3);(0.4236346);(-2.3, -14.9, 17.2);(-6.4, 1.0, 17.2)
(-1.6, 17.0, 2.6);(0.4327228);(-2.3, -15.0, 17.2);(-6.4, 1.0, 17.2)
(-1.6, 16.7, 3.0);(0.4410462);(-2.3, -15.2, 17.2);(-6.4, 1.0, 17.2)
(-1.6, 16.4, 3.4);(0.448597);(-2.3, -15.4, 17.1);(-6.4, 1.0, 17.2)
(-1.7, 16.0, 3.8);(0.4553674);(-2.3, -15.5, 17.1);(-6.4, 1.0, 17.2)
(-1.7, 15.7, 4.2);(0.4613523);(-2.3, -15.7, 17.1);(-6.4, 1.0, 17.2)
(-1.8, 15.4, 4.6);(0.4665473);(-2.3, -15.9, 17.0);(-6.4, 1.0, 17.2)
(-1.8, 15.1, 5.0);(0.4709494);(-2.3, -16.0, 17.0);(-6.4, 1.0, 17.2)
(-1.9, 14.7, 5.4);(0.4745569);(-2.3, -16.2, 17.0);(-6.4, 1.0, 17.2)
(-1.9, 14.4, 5.7);(0.4773693);(-2.3, -16.3, 16.9);(-6.4, 1.0, 17.2)
(-2.0, 14.1, 6.1);(0.4793871);(-2.3, -16.5, 16.9);(-6.4, 1.0, 17.2)
(-2.0, 13.7, 6.5);(0.4806123);(-2.3, -16.7, 16.9);(-6.4, 1.0, 17.2)
(-2.1, 13.4, 6.9);(0.4810476);(-2.3, -16.8, 16.8);(-6.4, 1.0, 17.2)
(-2.1, 13.1, 7.3);(0.4806973);(-2.3, -17.0, 16.8);(-6.4, 1.0, 17.2)
(-2.2, 12.7, 7.7);(0.4795668);(-2.3, -17.2, 16.8);(-6.4, 1.0, 17.2)
(-2.2, 12.4, 8.0);(0.477662);(-2.2, -17.3, 16.7);(-6.4, 1.0, 17.2)
(-2.3, 12.0, 8.4);(0.4749904);(-2.2, -17.5, 16.7);(-6.4, 1.0, 17.2)
(-2.3, 11.7, 8.8);(0.4715605);(-2.2, -17.6, 16.7);(-6.4, 1.0, 17.2)
(-2.4, 11.3, 9.2);(0.4673815);(-2.2, -17.8, 16.6);(-6.4, 1.0, 17.2)
(-2.5, 11.0, 9.5);(0.4624641);(-2.2, -18.0, 16.6);(-6.4, 1.0, 17.2)
(-2.5, 10.6, 9.9);(0.4568193);(-2.2, -18.1, 16.6);(-6.4, 1.0, 17.2)
(-2.6, 10.3, 10.3);(0.4504596);(-2.2, -18.3, 16.5);(-6.4, 1.0, 17.2)
(-2.7, 9.9, 10.7);(0.4433983);(-2.2, -18.4, 16.5);(-6.4, 1.0, 17.2)
(-2.7, 9.5, 11.0);(0.435649);(-2.2, -18.6, 16.5);(-6.4, 1.0, 17.2)
(-2.8, 9.2, 11.4);(0.4272269);(-2.2, -18.8, 16.4);(-6.4, 1.0, 17.2)
(-2.9, 8.8, 11.8);(0.4181474);(-2.2, -18.9, 16.4);(-6.4, 1.0, 17.2)
(-2.9, 8.4, 12.1);(0.4084274);(-2.2, -19.1, 16.4);(-6.4, 1.0, 17.2)
(-3.0, 8.1, 12.5);(0.3980832);(-2.2, -19.2, 16.3);(-6.4, 1.0, 17.2)
(-3.1, 7.7, 12.8);(0.3871334);(-2.2, -19.4, 16.3);(-6.4, 1.0, 17.2)
(-3.1, 7.3, 13.2);(0.375596);(-2.2, -19.5, 16.3);(-6.4, 1.0, 17.2)
(-3.2, 6.9, 13.6);(0.3634907);(-2.2, -19.7, 16.2);(-6.4, 1.0, 17.2)
(-3.3, 6.6, 13.9);(0.3508366);(-2.2, -19.9, 16.2);(-6.4, 1.0, 17.2)
(-3.4, 6.2, 14.3);(0.3376544);(-2.2, -20.0, 16.2);(-6.4, 1.0, 17.2)
(-3.4, 5.8, 14.6);(0.3239649);(-2.2, -20.2, 16.1);(-6.4, 1.0, 17.2)
(-3.5, 5.4, 15.0);(0.3097891);(-2.2, -20.3, 16.1);(-6.4, 1.0, 17.2)
(-3.6, 5.0, 15.3);(0.2951487);(-2.2, -20.5, 16.1);(-6.4, 1.0, 17.2)
(-3.7, 4.6, 15.7);(0.2800664);(-2.2, -20.6, 16.0);(-6.4, 1.0, 17.2)
(-3.7, 4.2, 16.0);(0.2645636);(-2.2, -20.8, 16.0);(-6.4, 1.0, 17.2)
(-3.8, 3.8, 16.3);(0.2486645);(-2.1, -20.9, 16.0);(-6.4, 1.0, 17.2)
(-3.9, 3.4, 16.7);(0.2323912);(-2.1, -21.1, 15.9);(-6.4, 1.0, 17.2)
(-4.0, 3.0, 17.0);(0.2157672);(-2.1, -21.3, 15.9);(-6.4, 1.0, 17.2)
(-4.0, 2.6, 17.3);(0.1988167);(-2.1, -21.4, 15.9);(-6.4, 1.0, 17.2)
(-4.1, 2.2, 17.7);(0.1815629);(-2.1, -21.6, 15.8);(-6.4, 1.0, 17.2)
(-4.2, 1.8, 18.0);(0.1640301);(-2.1, -21.7, 15.8);(-6.4, 1.0, 17.2)
(-4.3, 1.4, 18.3);(0.1462422);(-2.1, -21.9, 15.8);(-6.4, 1.0, 17.2)
(-4.4, 1.1, 18.5);(0.3419362);(-0.7, -3.0, 11.5);(-6.4, 1.0, 17.2)
