(1.2, 31.8, 19.9);(0.7345197);(0.0, -5.2, 0.0);(-16.2, 1.0, -4.5)
(1.2, 31.7, 19.9);(0.7388471);(0.3, -5.4, 0.2);(-16.2, 1.0, -4.5)
(1.3, 31.6, 19.9);(0.7475534);(0.7, -5.6, 0.4);(-16.2, 1.0, -4.5)
(1.3, 31.4, 20.0);(0.7603276);(1.1, -5.8, 0.6);(-16.2, 1.0, -4.5)
(1.4, 31.3, 20.0);(0.7766185);(1.5, -5.9, 0.8);(-16.2, 1.0, -4.5)
(1.5, 31.2, 20.1);(0.795655);(1.9, -6.1, 1.1);(-16.2, 1.0, -4.5)
(1.6, 31.0, 20.1);(0.8144719);(2.3, -6.1, 1.3);(-16.2, 1.0, -4.5)
(1.7, 30.9, 20.2);(0.8305623);(2.6, -6.1, 1.5);(-16.2, 1.0, -4.5)
(1.8, 30.7, 20.3);(0.842389);(2.9, -6.0, 1.7);(-16.2, 1.0, -4.5)
(1.9, 30.6, 20.4);(0.8466648);(3.2, -5.8, 1.8);(-16.2, 1.0, -4.5)
(2.1, 30.5, 20.5);(0.8443347);(3.4, -5.5, 1.7);(-16.2, 1.0, -4.5)
(2.3, 30.4, 20.6);(0.8346212);(3.5, -5.3, 1.5);(-16.2, 1.0, -4.5)
(2.4, 30.4, 20.7);(0.8178244);(3.5, -5.0, 1.3);(-16.2, 1.0, -4.5)
(2.6, 30.3, 20.8);(0.795961);(3.4, -4.8, 0.9);(-16.2, 1.0, -4.5)
(2.7, 30.2, 20.8);(0.7705642);(3.3, -4.7, 0.6);(-16.2, 1.0, -4.5)
(2.8, 30.2, 20.9);(0.7414822);(3.2, -4.6, 0.2);(-16.2, 1.0, -4.5)
(3.0, 30.1, 20.9);(0.7096099);(3.1, -4.4, -0.2);(-16.2, 1.0, -4.5)
(3.1, 30.1, 20.9);(0.6751801);(2.9, -4.3, -0.5);(-16.2, 1.0, -4.5)
(3.2, 30.0, 20.9);(0.6388769);(2.7, -4.2, -0.9);(-16.2, 1.0, -4.5)
(3.3, 30.0, 20.9);(0.6011661);(2.5, -4.2, -1.3);(-16.2, 1.0, -4.5)
(3.4, 30.0, 20.9);(0.5640082);(2.2, -4.2, -1.6);(-16.2, 1.0, -4.5)
(3.5, 29.9, 20.9);(0.5281148);(2.0, -4.2, -2.0);(-16.2, 1.0, -4.5)
(3.5, 29.9, 20.9);(0.4936628);(1.7, -4.3, -2.4);(-16.2, 1.0, -4.5)
(3.6, 29.8, 20.8);(0.4602956);(1.4, -4.3, -2.8);(-16.2, 1.0, -4.5)
(3.7, 29.8, 20.8);(0.4291686);(1.1, -4.4, -3.2);(-16.2, 1.0, -4.5)
(3.7, 29.7, 20.7);(0.3995792);(0.9, -4.5, -3.6);(-16.2, 1.0, -4.5)
(3.7, 29.7, 20.6);(0.3721942);(0.7, -4.6, -4.1);(-16.2, 1.0, -4.5)
(3.8, 29.6, 20.5);(0.3445795);(0.5, -4.6, -4.5);(-16.2, 1.0, -4.5)
(3.8, 29.6, 20.4);(0.3194224);(0.2, -4.8, -4.9);(-16.2, 1.0, -4.5)
(3.8, 29.5, 20.3);(0.2959108);(0.0, -4.9, -5.3);(-16.2, 1.0, -4.5)
(3.8, 29.4, 20.2);(0.2738426);(-0.3, -5.0, -5.7);(-16.2, 1.0, -4.5)
(3.8, 29.3, 20.1);(0.2539708);(-0.6, -5.2, -6.1);(-16.2, 1.0, -4.5)
(3.8, 29.3, 19.9);(0.2362821);(-0.9, -5.3, -6.5);(-16.2, 1.0, -4.5)
(3.8, 29.2, 19.8);(0.2202822);(-1.2, -5.5, -6.9);(-16.2, 1.0, -4.5)
(3.8, 29.1, 19.6);(0.2068234);(-1.4, -5.7, -7.3);(-16.2, 1.0, -4.5)
(3.8, 29.0, 19.5);(0.1958309);(-1.8, -5.9, -7.7);(-16.2, 1.0, -4.5)
(3.8, 28.9, 19.3);(0.1861614);(-2.1, -6.0, -8.0);(-16.2, 1.0, -4.5)
(3.7, 28.7, 19.1);(0.1769913);(-2.3, -6.2, -8.4);(-16.2, 1.0, -4.5)
(3.7, 28.6, 18.9);(0.1702345);(-2.6, -6.4, -8.9);(-16.2, 1.0, -4.5)
(3.7, 28.5, 18.7);(0.1653651);(-2.8, -6.6, -9.3);(-16.2, 1.0, -4.5)
(3.6, 28.4, 18.5);(0.1615795);(-3.1, -6.7, -9.7);(-16.2, 1.0, -4.5)
(3.6, 28.2, 18.3);(0.1588324);(-3.4, -6.9, -10.0);(-16.2, 1.0, -4.5)
(3.5, 28.1, 18.1);(0.1576961);(-3.7, -7.1, -10.4);(-16.2, 1.0, -4.5)
(3.4, 27.9, 17.9);(0.1589043);(-4.0, -7.3, -10.7);(-16.2, 1.0, -4.5)
(3.4, 27.8, 17.6);(0.1627474);(-4.3, -7.5, -11.1);(-16.2, 1.0, -4.5)
(3.3, 27.6, 17.4);(0.1685762);(-4.7, -7.7, -11.4);(-16.2, 1.0, -4.5)
(3.2, 27.5, 17.1);(0.1759205);(-5.0, -7.9, -11.7);(-16.2, 1.0, -4.5)
(3.1, 27.3, 16.9);(0.1857922);(-5.3, -8.1, -12.0);(-16.2, 1.0, -4.5)
(3.0, 27.1, 16.6);(0.19787);(-5.6, -8.3, -12.3);(-16.2, 1.0, -4.5)
(2.9, 26.9, 16.4);(0.2120375);(-6.0, -8.5, -12.5);(-16.2, 1.0, -4.5)
(2.8, 26.7, 16.1);(0.2292362);(-6.3, -8.7, -12.7);(-16.2, 1.0, -4.5)
(2.7, 26.5, 15.8);(0.24883);(-6.6, -8.9, -12.9);(-16.2, 1.0, -4.5)
(2.5, 26.3, 15.5);(0.2717064);(-6.9, -9.2, -13.1);(-16.2, 1.0, -4.5)
(2.4, 26.1, 15.3);(0.2988886);(-7.2, -9.4, -13.3);(-16.2, 1.0, -4.5)
(2.2, 25.9, 15.0);(0.3299164);(-7.5, -9.7, -13.4);(-16.2, 1.0, -4.5)
(2.1, 25.6, 14.7);(0.365684);(-7.8, -10.0, -13.6);(-16.2, 1.0, -4.5)
(1.9, 25.4, 14.4);(0.4057962);(-8.0, -10.3, -13.6);(-16.2, 1.0, -4.5)
(1.7, 25.1, 14.1);(0.4497519);(-8.3, -10.6, -13.7);(-16.2, 1.0, -4.5)
(1.5, 24.8, 13.8);(0.4966257);(-8.5, -10.8, -13.7);(-16.2, 1.0, -4.5)
(1.3, 24.5, 13.5);(0.5457013);(-8.7, -11.1, -13.8);(-16.2, 1.0, -4.5)
(1.1, 24.2, 13.2);(0.5956835);(-8.9, -11.3, -13.8);(-16.2, 1.0, -4.5)
(0.9, 24.0, 12.9);(0.645851);(-9.1, -11.5, -13.7);(-16.2, 1.0, -4.5)
(0.6, 23.7, 12.6);(0.695406);(-9.3, -11.7, -13.8);(-16.2, 1.0, -4.5)
(0.4, 23.4, 12.4);(0.7434157);(-9.4, -11.9, -13.7);(-16.2, 1.0, -4.5)
(0.1, 23.1, 12.1);(0.7889293);(-9.6, -12.0, -13.7);(-16.2, 1.0, -4.5)
(-0.1, 22.8, 11.8);(0.8310385);(-9.7, -12.2, -13.7);(-16.2, 1.0, -4.5)
(-0.4, 22.5, 11.4);(0.8688836);(-9.8, -12.3, -13.7);(-16.2, 1.0, -4.5)
(-0.7, 22.2, 11.1);(0.9017448);(-9.9, -12.5, -13.7);(-16.2, 1.0, -4.5)
(-1.0, 21.9, 10.8);(0.9290068);(-9.9, -12.6, -13.6);(-16.2, 1.0, -4.5)
(-1.3, 21.6, 10.5);(0.9501294);(-10.0, -12.8, -13.6);(-16.2, 1.0, -4.5)
(-1.6, 21.3, 10.2);(0.9646263);(-10.0, -12.9, -13.6);(-16.2, 1.0, -4.5)
(-1.9, 21.0, 9.9);(0.9722524);(-10.0, -13.1, -13.6);(-16.2, 1.0, -4.5)
(-2.2, 20.8, 9.6);(0.9728374);(-10.0, -13.2, -13.5);(-16.2, 1.0, -4.5)
(-2.5, 20.5, 9.3);(0.9664248);(-10.0, -13.4, -13.5);(-16.2, 1.0, -4.5)
(-2.7, 20.2, 9.0);(0.9530964);(-10.0, -13.6, -13.5);(-16.2, 1.0, -4.5)
(-3.0, 20.0, 8.6);(0.9329931);(-10.0, -13.8, -13.4);(-16.2, 1.0, -4.5)
(-3.3, 19.7, 8.3);(0.9062993);(-9.9, -13.9, -13.4);(-16.2, 1.0, -4.5)
(-3.6, 19.5, 8.0);(0.8732452);(-9.9, -14.1, -13.4);(-16.2, 1.0, -4.5)
(-3.9, 19.3, 7.7);(0.8341041);(-9.9, -14.3, -13.4);(-16.2, 1.0, -4.5)
(-4.1, 19.0, 7.4);(0.7891899);(-9.9, -14.4, -13.3);(-16.2, 1.0, -4.5)
(-4.4, 18.8, 7.0);(0.7388541);(-9.9, -14.6, -13.3);(-16.2, 1.0, -4.5)
(-4.7, 18.6, 6.7);(0.6834831);(-9.8, -14.8, -13.3);(-16.2, 1.0, -4.5)
(-4.9, 18.3, 6.4);(0.6234948);(-9.8, -14.9, -13.3);(-16.2, 1.0, -4.5)
(-5.2, 18.1, 6.1);(0.5593349);(-9.8, -15.1, -13.2);(-16.2, 1.0, -4.5)
(-5.4, 17.9, 5.8);(0.4914747);(-9.8, -15.3, -13.2);(-16.2, 1.0, -4.5)
(-5.6, 17.7, 5.5);(0.4204054);(-9.8, -15.4, -13.2);(-16.2, 1.0, -4.5)
(-5.9, 17.4, 5.2);(0.3466365);(-9.7, -15.6, -13.2);(-16.2, 1.0, -4.5)
(-6.1, 17.2, 4.9);(0.2706901);(-9.7, -15.7, -13.1);(-16.2, 1.0, -4.5)
(-6.3, 17.0, 4.6);(0.1930983);(-9.7, -15.9, -13.1);(-16.2, 1.0, -4.5)
(-6.5, 16.8, 4.3);(0.1144002);(-9.7, -16.1, -13.1);(-16.2, 1.0, -4.5)
(-6.7, 16.5, 4.0);(0.03513518);(-9.7, -16.2, -13.1);(-16.2, 1.0, -4.5)
(-6.9, 16.3, 3.7);(-0.04415709);(-9.6, -16.4, -13.0);(-16.2, 1.0, -4.5)
(-7.0, 16.1, 3.4);(-0.1229434);(-9.6, -16.6, -13.0);(-16.2, 1.0, -4.5)
(-7.2, 15.8, 3.2);(-0.2006984);(-9.6, -16.7, -13.0);(-16.2, 1.0, -4.5)
(-7.4, 15.6, 2.9);(-0.2769095);(-9.6, -16.9, -12.9);(-16.2, 1.0, -4.5)
(-7.5, 15.4, 2.6);(-0.351079);(-9.6, -17.1, -12.9);(-16.2, 1.0, -4.5)
(-7.7, 15.1, 2.4);(-0.4227282);(-9.5, -17.2, -12.9);(-16.2, 1.0, -4.5)
(-7.8, 14.8, 2.1);(-0.4913993);(-9.5, -17.4, -12.9);(-16.2, 1.0, -4.5)
(-7.9, 14.6, 1.9);(-0.5566595);(-9.5, -17.5, -12.8);(-16.2, 1.0, -4.5)
(-8.1, 14.3, 1.6);(-0.6181017);(-9.5, -17.7, -12.8);(-16.2, 1.0, -4.5)
(-8.2, 14.0, 1.4);(-0.6753484);(-9.5, -17.9, -12.8);(-16.2, 1.0, -4.5)
(-8.3, 13.7, 1.1);(-0.7280534);(-9.5, -18.0, -12.8);(-16.2, 1.0, -4.5)
(-8.4, 13.4, 0.9);(-0.7759028);(-9.4, -18.2, -12.7);(-16.2, 1.0, -4.5)
(-8.5, 13.1, 0.6);(-0.8186178);(-9.4, -18.3, -12.7);(-16.2, 1.0, -4.5)
(-8.6, 12.8, 0.4);(-0.8559549);(-9.4, -18.5, -12.7);(-16.2, 1.0, -4.5)
(-8.7, 12.4, 0.2);(-0.8877079);(-9.4, -18.7, -12.7);(-16.2, 1.0, -4.5)
(-8.8, 12.1, 0.0);(-0.9137082);(-9.4, -18.8, -12.6);(-16.2, 1.0, -4.5)
(-8.9, 11.8, -0.2);(-0.9338253);(-9.3, -19.0, -12.6);(-16.2, 1.0, -4.5)
(-9.0, 11.4, -0.5);(-0.9479675);(-9.3, -19.1, -12.6);(-16.2, 1.0, -4.5)
(-9.1, 11.0, -0.7);(-0.9560816);(-9.3, -19.3, -12.6);(-16.2, 1.0, -4.5)
(-9.2, 10.6, -0.9);(-0.9581529);(-9.3, -19.4, -12.5);(-16.2, 1.0, -4.5)
(-9.3, 10.2, -1.1);(-0.9542046);(-9.3, -19.6, -12.5);(-16.2, 1.0, -4.5)
(-9.4, 9.8, -1.3);(-0.9442973);(-9.2, -19.8, -12.5);(-16.2, 1.0, -4.5)
(-9.5, 9.4, -1.5);(-0.9285278);(-9.2, -19.9, -12.5);(-16.2, 1.0, -4.5)
(-9.6, 9.0, -1.7);(-0.9070284);(-9.2, -20.1, -12.4);(-16.2, 1.0, -4.5)
(-9.7, 8.6, -1.9);(-0.8799654);(-9.2, -20.2, -12.4);(-16.2, 1.0, -4.5)
(-9.8, 8.1, -2.1);(-0.8475375);(-9.2, -20.4, -12.4);(-16.2, 1.0, -4.5)
(-10.0, 7.7, -2.3);(-0.8099743);(-9.2, -20.5, -12.4);(-16.2, 1.0, -4.5)
(-10.1, 7.2, -2.5);(-0.767534);(-9.1, -20.7, -12.3);(-16.2, 1.0, -4.5)
(-10.2, 6.7, -2.7);(-0.7205026);(-9.1, -20.8, -12.3);(-16.2, 1.0, -4.5)
(-10.3, 6.2, -2.9);(-0.6691902);(-9.1, -21.0, -12.3);(-16.2, 1.0, -4.5)
(-10.4, 5.8, -3.1);(-0.61393);(-9.1, -21.2, -12.3);(-16.2, 1.0, -4.5)
(-10.6, 5.3, -3.3);(-0.5550754);(-9.1, -21.3, -12.2);(-16.2, 1.0, -4.5)
(-10.7, 4.8, -3.5);(-0.492998);(-9.0, -21.5, -12.2);(-16.2, 1.0, -4.5)
(-10.9, 4.2, -3.7);(-0.428084);(-9.0, -21.6, -12.2);(-16.2, 1.0, -4.5)
(-11.0, 3.7, -3.9);(-0.3607341);(-9.0, -21.8, -12.2);(-16.2, 1.0, -4.5)
(-11.2, 3.2, -4.1);(-0.2913577);(-9.0, -21.9, -12.1);(-16.2, 1.0, -4.5)
(-11.3, 2.7, -4.3);(-0.220373);(-9.0, -22.1, -12.1);(-16.2, 1.0, -4.5)
(-11.5, 2.1, -4.6);(-0.1482034);(-9.0, -22.2, -12.1);(-16.2, 1.0, -4.5)
(-11.7, 1.6, -4.8);(-0.0752748);(-8.9, -22.4, -12.1);(-16.2, 1.0, -4.5)
(-11.7, 1.8, -4.9);(-0.1183607);(-1.3, -0.1, -6.0);(-16.2, 1.0, -4.5)
