(-8.4, 33.8, 18.7);(0.7698377);(0.1, -5.0, 0.0);(-19.4, 1.0, -9.2)
(-8.4, 33.7, 18.7);(0.7691799);(0.1, -5.2, 0.0);(-19.4, 1.0, -9.2)
(-8.4, 33.6, 18.7);(0.7685168);(0.1, -5.4, 0.0);(-19.4, 1.0, -9.2)
(-8.4, 33.5, 18.7);(0.7678486);(0.1, -5.5, 0.0);(-19.4, 1.0, -9.2)
(-8.4, 33.4, 18.7);(0.7671752);(0.1, -5.7, 0.0);(-19.4, 1.0, -9.2)
(-8.4, 33.3, 18.7);(0.7664968);(0.1, -5.9, 0.0);(-19.4, 1.0, -9.2)
(-8.4, 33.2, 18.7);(0.7658132);(0.1, -6.1, 0.0);(-19.4, 1.0, -9.2)
(-8.4, 33.0, 18.7);(0.7651247);(0.1, -6.3, 0.0);(-19.4, 1.0, -9.2)
(-8.4, 32.9, 18.7);(0.7644312);(0.1, -6.5, 0.0);(-19.4, 1.0, -9.2)
(-8.4, 32.8, 18.7);(0.7637329);(0.1, -6.6, 0.0);(-19.4, 1.0, -9.2)
(-8.4, 32.6, 18.7);(0.7630295);(0.1, -6.8, 0.0);(-19.4, 1.0, -9.2)
(-8.4, 32.5, 18.7);(0.7623214);(0.1, -7.0, 0.0);(-19.4, 1.0, -9.2)
(-8.4, 32.4, 18.7);(0.7616085);(0.1, -7.2, 0.0);(-19.4, 1.0, -9.2)
(-8.3, 32.2, 18.7);(0.7608907);(0.1, -7.4, 0.0);(-19.4, 1.0, -9.2)
(-8.3, 32.1, 18.7);(0.7601683);(0.1, -7.6, 0.0);(-19.4, 1.0, -9.2)
(-8.3, 31.9, 18.7);(0.759441);(0.1, -7.7, 0.0);(-19.4, 1.0, -9.2)
(-8.3, 31.7, 18.7);(0.7587092);(0.1, -7.9, 0.0);(-19.4, 1.0, -9.2)
(-8.3, 31.6, 18.7);(0.7579727);(0.1, -8.1, 0.0);(-19.4, 1.0, -9.2)
(-8.3, 31.4, 18.7);(0.7572317);(0.1, -8.3, 0.0);(-19.4, 1.0, -9.2)
(-8.3, 31.2, 18.7);(0.7564861);(0.1, -8.5, 0.0);(-19.4, 1.0, -9.2)
(-8.3, 31.1, 18.7);(0.7557359);(0.1, -8.6, 0.0);(-19.4, 1.0, -9.2)
(-8.3, 30.9, 18.7);(0.7549815);(0.1, -8.8, 0.0);(-19.4, 1.0, -9.2)
(-8.3, 30.7, 18.7);(0.7542226);(0.1, -9.0, 0.0);(-19.4, 1.0, -9.2)
(-8.3, 30.5, 18.7);(0.7534592);(0.1, -9.2, 0.0);(-19.4, 1.0, -9.2)
(-8.3, 30.4, 18.7);(0.7526916);(0.1, -9.3, 0.0);(-19.4, 1.0, -9.2)
(-8.3, 30.2, 18.7);(0.7530232);(0.1, -9.5, -0.1);(-19.4, 1.0, -9.2)
(-8.3, 30.0, 18.7);(0.7551743);(0.2, -9.7, -0.2);(-19.4, 1.0, -9.2)
(-8.3, 29.8, 18.7);(0.7573014);(0.2, -9.9, -0.2);(-19.4, 1.0, -9.2)
(-8.3, 29.6, 18.7);(0.7599919);(0.2, -10.0, -0.3);(-19.4, 1.0, -9.2)
(-8.3, 29.4, 18.7);(0.7644704);(0.1, -10.2, -0.4);(-19.4, 1.0, -9.2)
(-8.3, 29.1, 18.6);(0.7699717);(0.1, -10.4, -0.5);(-19.4, 1.0, -9.2)
(-8.2, 28.9, 18.6);(0.777508);(0.1, -10.5, -0.7);(-19.4, 1.0, -9.2)
(-8.2, 28.7, 18.6);(0.7872136);(0.1, -10.7, -0.9);(-19.4, 1.0, -9.2)
(-8.2, 28.5, 18.5);(0.7987714);(0.1, -10.8, -1.1);(-19.4, 1.0, -9.2)
(-8.2, 28.2, 18.5);(0.8130881);(0.0, -11.0, -1.4);(-19.4, 1.0, -9.2)
(-8.2, 28.0, 18.4);(0.8296741);(0.0, -11.0, -1.7);(-19.4, 1.0, -9.2)
(-8.2, 27.7, 18.4);(0.8483495);(-0.1, -11.1, -2.0);(-19.4, 1.0, -9.2)
(-8.2, 27.5, 18.3);(0.8678058);(-0.1, -11.2, -2.2);(-19.4, 1.0, -9.2)
(-8.2, 27.2, 18.2);(0.8870461);(-0.1, -11.2, -2.4);(-19.4, 1.0, -9.2)
(-8.3, 27.0, 18.1);(0.9066659);(-0.2, -11.3, -2.7);(-19.4, 1.0, -9.2)
(-8.3, 26.7, 18.0);(0.9262685);(-0.1, -11.3, -2.9);(-19.4, 1.0, -9.2)
(-8.3, 26.5, 17.8);(0.9443568);(-0.1, -11.1, -3.2);(-19.4, 1.0, -9.2)
(-8.3, 26.2, 17.7);(0.9604862);(-0.2, -11.1, -3.3);(-19.4, 1.0, -9.2)
(-8.3, 26.0, 17.6);(0.9739577);(-0.2, -11.0, -3.4);(-19.4, 1.0, -9.2)
(-8.3, 25.8, 17.4);(0.9846328);(-0.3, -11.0, -3.5);(-19.4, 1.0, -9.2)
(-8.3, 25.5, 17.3);(0.9920866);(-0.3, -10.8, -3.4);(-19.4, 1.0, -9.2)
(-8.3, 25.3, 17.2);(0.9965494);(-0.3, -10.7, -3.2);(-19.4, 1.0, -9.2)
(-8.3, 25.1, 17.1);(0.9988242);(-0.3, -10.7, -3.1);(-19.4, 1.0, -9.2)
(-8.3, 24.9, 17.0);(0.9995587);(-0.4, -10.7, -2.9);(-19.4, 1.0, -9.2)
(-8.3, 24.7, 16.9);(0.9992514);(-0.4, -10.7, -2.7);(-19.4, 1.0, -9.2)
(-8.4, 24.5, 16.8);(0.9983728);(-0.4, -10.6, -2.5);(-19.4, 1.0, -9.2)
(-8.4, 24.2, 16.7);(0.9973373);(-0.5, -10.6, -2.2);(-19.4, 1.0, -9.2)
(-8.4, 24.0, 16.7);(0.9960846);(-0.4, -10.7, -2.2);(-19.4, 1.0, -9.2)
(-8.4, 23.8, 16.6);(0.9948124);(-0.4, -10.8, -2.1);(-19.4, 1.0, -9.2)
(-8.4, 23.6, 16.6);(0.9940744);(-0.2, -10.8, -1.8);(-19.4, 1.0, -9.2)
(-8.4, 23.4, 16.5);(0.9935161);(-0.1, -10.7, -1.7);(-19.4, 1.0, -9.2)
(-8.4, 23.2, 16.5);(0.9928674);(-0.1, -10.6, -1.7);(-19.4, 1.0, -9.2)
(-8.4, 23.0, 16.5);(0.9923647);(-0.1, -10.6, -1.6);(-19.4, 1.0, -9.2)
(-8.4, 22.8, 16.4);(0.9917697);(-0.1, -10.7, -1.6);(-19.4, 1.0, -9.2)
(-8.4, 22.5, 16.4);(0.9912786);(-0.1, -10.6, -1.6);(-19.4, 1.0, -9.2)
(-8.4, 22.3, 16.4);(0.9907728);(-0.2, -10.6, -1.6);(-19.4, 1.0, -9.2)
(-8.4, 22.1, 16.3);(0.9904646);(-0.2, -10.5, -1.5);(-19.4, 1.0, -9.2)
(-8.4, 21.9, 16.3);(0.9902636);(-0.1, -10.4, -1.4);(-19.4, 1.0, -9.2)
(-8.4, 21.7, 16.3);(0.9898784);(-0.1, -10.5, -1.4);(-19.4, 1.0, -9.2)
(-8.4, 21.5, 16.2);(0.9891494);(-0.2, -10.4, -1.5);(-19.4, 1.0, -9.2)
(-8.4, 21.3, 16.2);(0.9886328);(-0.2, -10.5, -1.4);(-19.4, 1.0, -9.2)
(-8.4, 21.1, 16.2);(0.9884036);(-0.3, -10.4, -1.3);(-19.4, 1.0, -9.2)
(-8.4, 20.9, 16.1);(0.9882836);(-0.1, -10.3, -1.3);(-19.4, 1.0, -9.2)
(-8.4, 20.7, 16.1);(0.9882048);(-0.1, -10.3, -1.2);(-19.4, 1.0, -9.2)
(-8.4, 20.5, 16.1);(0.988142);(-0.2, -10.3, -1.2);(-19.4, 1.0, -9.2)
(-8.4, 20.3, 16.1);(0.987747);(-0.3, -10.2, -1.3);(-19.4, 1.0, -9.2)
(-8.4, 20.1, 16.0);(0.9873055);(-0.3, -10.1, -1.2);(-19.4, 1.0, -9.2)
(-8.4, 19.9, 16.0);(0.9876243);(-0.2, -10.0, -1.0);(-19.4, 1.0, -9.2)
(-8.4, 19.7, 16.0);(0.9874239);(-0.1, -9.8, -1.1);(-19.4, 1.0, -9.2)
(-8.4, 19.5, 16.0);(0.9870926);(-0.2, -9.8, -1.1);(-19.4, 1.0, -9.2)
(-8.5, 19.3, 15.9);(0.9872397);(-0.3, -9.8, -1.0);(-19.4, 1.0, -9.2)
(-8.5, 19.1, 15.9);(0.9879274);(-0.2, -9.7, -0.8);(-19.4, 1.0, -9.2)
(-8.5, 18.9, 15.9);(0.9880807);(-0.3, -9.6, -0.9);(-19.4, 1.0, -9.2)
(-8.5, 18.7, 15.9);(0.988234);(-0.2, -9.4, -0.8);(-19.4, 1.0, -9.2)
(-8.5, 18.5, 15.9);(0.9881035);(-0.4, -9.3, -0.9);(-19.4, 1.0, -9.2)
(-8.5, 18.3, 15.9);(0.9885451);(-0.4, -9.3, -0.7);(-19.4, 1.0, -9.2)
(-8.5, 18.1, 15.9);(0.9887699);(-0.2, -9.1, -0.7);(-19.4, 1.0, -9.2)
(-8.5, 18.0, 15.8);(0.9888051);(-0.3, -9.0, -0.7);(-19.4, 1.0, -9.2)
(-8.5, 17.8, 15.8);(0.9887944);(-0.2, -8.9, -0.7);(-19.4, 1.0, -9.2)
(-8.5, 17.6, 15.8);(0.9891558);(-0.3, -8.9, -0.6);(-19.4, 1.0, -9.2)
(-8.5, 17.4, 15.8);(0.9893447);(-0.3, -8.9, -0.6);(-19.4, 1.0, -9.2)
(-8.5, 17.3, 15.8);(0.9896705);(-0.4, -8.7, -0.5);(-19.4, 1.0, -9.2)
(-8.5, 17.1, 15.8);(0.9904338);(-0.3, -8.5, -0.4);(-19.4, 1.0, -9.2)
(-8.5, 16.9, 15.8);(0.9908131);(-0.3, -8.4, -0.4);(-19.4, 1.0, -9.2)
(-8.5, 16.8, 15.8);(0.9910151);(-0.3, -8.3, -0.5);(-19.4, 1.0, -9.2)
(-8.6, 16.6, 15.8);(0.9914142);(-0.4, -8.1, -0.4);(-19.4, 1.0, -9.2)
(-8.6, 16.4, 15.8);(0.9917457);(-0.3, -8.0, -0.4);(-19.4, 1.0, -9.2)
(-8.6, 16.3, 15.8);(0.9917634);(-0.4, -7.9, -0.4);(-19.4, 1.0, -9.2)
(-8.6, 16.1, 15.8);(0.9923248);(-0.5, -7.8, -0.2);(-19.4, 1.0, -9.2)
(-8.6, 16.0, 15.8);(0.99314);(-0.2, -7.7, -0.1);(-19.4, 1.0, -9.2)
(-8.6, 15.8, 15.8);(0.9934506);(-0.2, -7.7, -0.3);(-19.4, 1.0, -9.2)
(-8.6, 15.6, 15.8);(0.9934672);(-0.2, -7.7, -0.3);(-19.4, 1.0, -9.2)
(-8.6, 15.5, 15.8);(0.9933735);(-0.4, -7.7, -0.4);(-19.4, 1.0, -9.2)
(-8.6, 15.3, 15.8);(0.9939385);(-0.4, -7.6, -0.1);(-19.4, 1.0, -9.2)
(-8.6, 15.2, 15.8);(0.9944744);(-0.2, -7.5, -0.1);(-19.4, 1.0, -9.2)
(-8.6, 15.0, 15.8);(0.9945219);(-0.3, -7.5, -0.3);(-19.4, 1.0, -9.2)
(-8.6, 14.9, 15.8);(0.9944658);(-0.3, -7.4, -0.3);(-19.4, 1.0, -9.2)
(-8.6, 14.7, 15.8);(0.9945845);(-0.4, -7.4, -0.2);(-19.4, 1.0, -9.2)
(-8.6, 14.6, 15.8);(0.99533);(-0.3, -7.2, 0.1);(-19.4, 1.0, -9.2)
(-8.6, 14.5, 15.8);(0.9957355);(-0.2, -7.3, 0.0);(-19.4, 1.0, -9.2)
(-8.7, 14.3, 15.8);(0.9956717);(-0.3, -7.2, -0.2);(-19.4, 1.0, -9.2)
(-8.7, 14.2, 15.8);(0.9958608);(-0.6, -7.1, -0.1);(-19.4, 1.0, -9.2)
(-8.7, 14.0, 15.8);(0.9963959);(-0.3, -7.1, 0.1);(-19.4, 1.0, -9.2)
(-8.7, 13.9, 15.8);(0.9966611);(-0.2, -7.0, 0.0);(-19.4, 1.0, -9.2)
(-8.7, 13.7, 15.8);(0.9967644);(-0.2, -7.1, -0.1);(-19.4, 1.0, -9.2)
(-8.7, 13.6, 15.8);(0.9966463);(-0.3, -7.0, -0.2);(-19.4, 1.0, -9.2)
(-8.7, 13.5, 15.8);(0.9972497);(-0.5, -6.9, 0.2);(-19.4, 1.0, -9.2)
(-8.7, 13.3, 15.8);(0.9974841);(-0.1, -6.8, 0.0);(-19.4, 1.0, -9.2)
(-8.7, 13.2, 15.8);(0.997503);(-0.2, -6.8, -0.1);(-19.4, 1.0, -9.2)
(-8.7, 13.1, 15.8);(0.9975092);(-0.5, -6.7, -0.1);(-19.4, 1.0, -9.2)
(-8.7, 12.9, 15.8);(0.9980459);(-0.3, -6.6, 0.2);(-19.4, 1.0, -9.2)
(-8.7, 12.8, 15.8);(0.9981833);(-0.1, -6.6, 0.0);(-19.4, 1.0, -9.2)
(-8.7, 12.7, 15.8);(0.9981746);(-0.2, -6.7, -0.1);(-19.4, 1.0, -9.2)
(-8.7, 12.5, 15.8);(0.9981888);(-0.5, -6.6, -0.1);(-19.4, 1.0, -9.2)
(-8.7, 12.4, 15.8);(0.998633);(-0.3, -6.4, 0.2);(-19.4, 1.0, -9.2)
(-8.7, 12.3, 15.8);(0.9986493);(-0.2, -6.3, 0.0);(-19.4, 1.0, -9.2)
(-8.7, 12.1, 15.8);(0.9984833);(-0.4, -6.2, -0.2);(-19.4, 1.0, -9.2)
(-8.8, 12.0, 15.8);(0.9986983);(-0.6, -6.1, 0.1);(-19.4, 1.0, -9.2)
(-8.8, 11.9, 15.8);(0.9990689);(-0.3, -6.0, 0.2);(-19.4, 1.0, -9.2)
(-8.8, 11.8, 15.8);(0.9991683);(-0.2, -5.9, 0.1);(-19.4, 1.0, -9.2)
(-8.8, 11.7, 15.8);(0.9991109);(-0.3, -5.9, -0.1);(-19.4, 1.0, -9.2)
(-8.8, 11.6, 15.8);(0.9991763);(-0.5, -5.7, 0.0);(-19.4, 1.0, -9.2)
(-8.8, 11.4, 15.8);(0.9994282);(-0.3, -5.6, 0.2);(-19.4, 1.0, -9.2)
(-8.8, 11.3, 15.8);(0.9994738);(-0.2, -5.5, 0.0);(-19.4, 1.0, -9.2)
(-8.8, 11.2, 15.8);(0.9994754);(-0.4, -5.5, 0.0);(-19.4, 1.0, -9.2)
(-8.8, 11.1, 15.9);(0.9996268);(-0.4, -5.3, 0.1);(-19.4, 1.0, -9.2)
(-8.8, 11.0, 15.9);(0.9996801);(-0.1, -5.2, 0.0);(-19.4, 1.0, -9.2)
(-8.8, 10.9, 15.9);(0.9996411);(-0.3, -5.2, -0.1);(-19.4, 1.0, -9.2)
(-8.8, 10.8, 15.9);(0.9996738);(-0.5, -5.1, 0.0);(-19.4, 1.0, -9.2)
(-8.9, 10.7, 15.9);(0.9998678);(-0.3, -5.0, 0.3);(-19.4, 1.0, -9.2)
(-8.9, 10.6, 15.9);(0.9999264);(-0.1, -5.0, 0.1);(-19.4, 1.0, -9.2)
(-8.9, 10.5, 15.9);(0.9999273);(-0.2, -5.1, 0.0);(-19.4, 1.0, -9.2)
(-8.9, 10.4, 15.9);(0.9999083);(-0.4, -4.9, -0.2);(-19.4, 1.0, -9.2)
(-8.9, 10.3, 15.9);(0.999967);(-0.5, -4.8, 0.1);(-19.4, 1.0, -9.2)
(-8.9, 10.2, 15.9);(0.9999806);(-0.1, -4.7, 0.0);(-19.4, 1.0, -9.2)
(-8.9, 10.1, 15.9);(0.9999558);(-0.2, -4.7, -0.2);(-19.4, 1.0, -9.2)
(-8.9, 10.0, 15.9);(0.9999725);(-0.5, -4.6, 0.0);(-19.4, 1.0, -9.2)
(-8.9, 9.9, 15.9);(0.9999986);(-0.2, -4.5, 0.2);(-19.4, 1.0, -9.2)
(-8.9, 9.8, 15.9);(0.9999688);(-0.1, -4.6, 0.1);(-19.4, 1.0, -9.2)
(-8.9, 9.8, 15.9);(0.9999532);(-0.2, -4.5, -0.1);(-19.4, 1.0, -9.2)
(-8.9, 9.7, 15.9);(0.9999934);(-0.4, -4.5, -0.3);(-19.4, 1.0, -9.2)
(-8.9, 9.6, 15.9);(0.9999724);(-0.5, -4.3, 0.0);(-19.4, 1.0, -9.2)
(-8.9, 9.5, 15.9);(0.9999382);(-0.2, -4.2, 0.0);(-19.4, 1.0, -9.2)
(-8.9, 9.4, 15.9);(0.9999364);(-0.2, -4.2, -0.2);(-19.4, 1.0, -9.2)
(-8.9, 9.3, 15.9);(0.9999563);(-0.4, -4.1, -0.3);(-19.4, 1.0, -9.2)
(-8.9, 9.3, 15.9);(0.9999063);(-0.3, -3.9, 0.0);(-19.4, 1.0, -9.2)
(-9.0, 9.2, 15.9);(0.9998931);(-0.2, -3.7, -0.2);(-19.4, 1.0, -9.2)
(-9.0, 9.1, 15.9);(0.9998559);(-0.4, -3.6, -0.2);(-19.4, 1.0, -9.2)
(-9.0, 9.0, 15.9);(0.9997417);(-0.2, -3.4, 0.0);(-19.4, 1.0, -9.2)
(-9.0, 9.0, 15.9);(0.9997125);(-0.1, -3.4, -0.2);(-19.4, 1.0, -9.2)
(-9.0, 8.9, 15.9);(0.9997711);(-0.2, -3.5, -0.4);(-19.4, 1.0, -9.2)
(-9.0, 8.8, 15.9);(0.9997838);(-0.4, -3.4, -0.3);(-19.4, 1.0, -9.2)
(-9.0, 8.8, 15.9);(0.999633);(-0.2, -3.2, -0.1);(-19.4, 1.0, -9.2)
(-9.0, 8.7, 15.9);(0.9995425);(0.0, -3.3, -0.2);(-19.4, 1.0, -9.2)
(-9.0, 8.6, 15.9);(0.9995493);(-0.1, -3.3, -0.3);(-19.4, 1.0, -9.2)
(-9.0, 8.6, 15.9);(0.9996387);(-0.3, -3.3, -0.4);(-19.4, 1.0, -9.2)
(-9.0, 8.5, 15.9);(0.999516);(-0.4, -3.1, -0.2);(-19.4, 1.0, -9.2)
(-9.0, 8.4, 15.9);(0.9993413);(-0.1, -3.0, -0.2);(-19.4, 1.0, -9.2)
(-9.0, 8.4, 15.9);(0.999308);(-0.1, -3.1, -0.4);(-19.4, 1.0, -9.2)
(-9.0, 8.3, 15.9);(0.9993694);(-0.2, -3.0, -0.5);(-19.4, 1.0, -9.2)
(-9.0, 8.3, 15.8);(0.9993883);(-0.3, -2.9, -0.4);(-19.4, 1.0, -9.2)
(-9.0, 8.2, 15.8);(0.9992769);(-0.1, -2.6, -0.3);(-19.4, 1.0, -9.2)
(-9.0, 8.2, 15.8);(0.9994112);(-0.2, -2.6, -0.6);(-19.4, 1.0, -9.2)
(-9.0, 8.1, 15.8);(0.9993496);(-0.5, -2.5, -0.4);(-19.4, 1.0, -9.2)
(-9.0, 8.1, 15.8);(0.9991391);(-0.2, -2.5, -0.3);(-19.4, 1.0, -9.2)
(-9.0, 8.0, 15.8);(0.9990531);(-0.1, -2.5, -0.4);(-19.4, 1.0, -9.2)
(-9.0, 8.0, 15.8);(0.9991277);(-0.2, -2.6, -0.6);(-19.4, 1.0, -9.2)
(-9.0, 7.9, 15.8);(0.9991684);(-0.3, -2.5, -0.6);(-19.4, 1.0, -9.2)
(-9.0, 7.9, 15.8);(0.9989768);(-0.1, -2.3, -0.4);(-19.4, 1.0, -9.2)
(-9.0, 7.8, 15.8);(0.9989192);(-0.1, -2.4, -0.5);(-19.4, 1.0, -9.2)
(-9.0, 7.8, 15.8);(0.9990537);(-0.1, -2.4, -0.7);(-19.4, 1.0, -9.2)
(-9.1, 7.7, 15.7);(0.999233);(-0.4, -2.2, -0.8);(-19.4, 1.0, -9.2)
(-9.1, 7.7, 15.7);(0.9990136);(-0.2, -2.1, -0.4);(-19.4, 1.0, -9.2)
(-9.1, 7.6, 15.7);(0.9988215);(-0.1, -2.3, -0.5);(-19.4, 1.0, -9.2)
(-9.1, 7.6, 15.7);(0.9987848);(-0.2, -2.4, -0.6);(-19.4, 1.0, -9.2)
(-9.1, 7.5, 15.7);(0.9988559);(-0.2, -2.3, -0.7);(-19.4, 1.0, -9.2)
(-9.1, 7.5, 15.7);(0.9989808);(-0.3, -2.2, -0.8);(-19.4, 1.0, -9.2)
(-9.1, 7.5, 15.7);(0.9988478);(-0.4, -2.0, -0.6);(-19.4, 1.0, -9.2)
(-9.1, 7.4, 15.7);(0.9986975);(-0.2, -2.0, -0.6);(-19.4, 1.0, -9.2)
(-9.1, 7.4, 15.6);(0.9987509);(-0.1, -1.9, -0.8);(-19.4, 1.0, -9.2)
(-9.1, 7.3, 15.6);(0.9990174);(-0.3, -1.8, -1.0);(-19.4, 1.0, -9.2)
(-9.1, 7.3, 15.6);(0.9988767);(-0.5, -1.7, -0.7);(-19.4, 1.0, -9.2)
(-9.1, 7.3, 15.6);(0.998716);(-0.2, -1.6, -0.7);(-19.4, 1.0, -9.2)
(-9.1, 7.3, 15.6);(0.9987049);(0.0, -1.6, -0.8);(-19.4, 1.0, -9.2)
(-9.1, 7.2, 15.6);(0.9988531);(-0.1, -1.7, -1.0);(-19.4, 1.0, -9.2)
(-9.1, 7.2, 15.5);(0.9990281);(-0.2, -1.7, -1.0);(-19.4, 1.0, -9.2)
(-9.1, 7.2, 15.5);(0.9989793);(-0.5, -1.7, -0.9);(-19.4, 1.0, -9.2)
(-9.1, 7.1, 15.5);(0.9987642);(-0.2, -1.6, -0.7);(-19.4, 1.0, -9.2)
(-9.1, 7.1, 15.5);(0.9987426);(0.0, -1.7, -0.9);(-19.4, 1.0, -9.2)
(-9.1, 7.1, 15.5);(0.9987783);(0.0, -1.8, -0.9);(-19.4, 1.0, -9.2)
(-9.1, 7.0, 15.4);(0.9990028);(-0.1, -1.8, -1.1);(-19.4, 1.0, -9.2)
(-9.1, 7.0, 15.4);(0.9990283);(-0.3, -1.8, -1.0);(-19.4, 1.0, -9.2)
(-9.1, 6.9, 15.4);(0.9987413);(0.0, -1.7, -0.7);(-19.4, 1.0, -9.2)
(-9.1, 6.9, 15.4);(0.9986053);(0.1, -1.7, -0.9);(-19.4, 1.0, -9.2)
(-9.1, 6.9, 15.4);(0.9985331);(0.1, -1.9, -0.9);(-19.4, 1.0, -9.2)
(-9.1, 6.8, 15.4);(0.9986112);(0.0, -2.0, -1.1);(-19.4, 1.0, -9.2)
(-9.1, 6.8, 15.3);(0.9988152);(-0.1, -2.0, -1.1);(-19.4, 1.0, -9.2)
(-9.1, 6.8, 15.3);(0.9989684);(-0.3, -1.9, -1.1);(-19.4, 1.0, -9.2)
(-9.1, 6.7, 15.3);(0.9987686);(-0.1, -1.8, -0.9);(-19.4, 1.0, -9.2)
(-9.1, 6.7, 15.3);(0.9987413);(0.0, -1.8, -1.1);(-19.4, 1.0, -9.2)
(-9.1, 6.6, 15.2);(0.9989357);(-0.1, -1.9, -1.2);(-19.4, 1.0, -9.2)
(-9.1, 6.6, 15.2);(0.9991149);(-0.3, -1.8, -1.2);(-19.4, 1.0, -9.2)
(-9.1, 6.6, 15.2);(0.9989122);(-0.2, -1.7, -0.9);(-19.4, 1.0, -9.2)
(-9.1, 6.5, 15.2);(0.9987425);(0.1, -1.7, -1.0);(-19.4, 1.0, -9.2)
(-9.1, 6.5, 15.2);(0.9986163);(0.1, -1.8, -1.1);(-19.4, 1.0, -9.2)
(-9.1, 6.5, 15.1);(0.9987854);(-0.1, -1.9, -1.3);(-19.4, 1.0, -9.2)
(-9.1, 6.4, 15.1);(0.9990674);(-0.4, -1.8, -1.3);(-19.4, 1.0, -9.2)
(-9.1, 6.4, 15.1);(0.9989355);(-0.2, -1.7, -1.0);(-19.4, 1.0, -9.2)
(-9.1, 6.4, 15.1);(0.9989734);(-0.1, -1.7, -1.2);(-19.4, 1.0, -9.2)
(-9.2, 6.3, 15.0);(0.9992114);(-0.3, -1.7, -1.4);(-19.4, 1.0, -9.2)
(-9.2, 6.3, 15.0);(0.9990764);(-0.2, -1.6, -1.1);(-19.4, 1.0, -9.2)
(-9.2, 6.3, 15.0);(0.9990727);(0.0, -1.5, -1.3);(-19.4, 1.0, -9.2)
(-9.2, 6.2, 14.9);(0.9992269);(-0.1, -1.6, -1.4);(-19.4, 1.0, -9.2)
(-9.2, 6.2, 14.9);(0.9994155);(-0.3, -1.6, -1.4);(-19.4, 1.0, -9.2)
(-9.2, 6.2, 14.9);(0.9993037);(-0.1, -1.5, -1.1);(-19.4, 1.0, -9.2)
(-9.2, 6.1, 14.9);(0.9992598);(0.0, -1.5, -1.3);(-19.4, 1.0, -9.2)
(-9.2, 6.1, 14.8);(0.9993699);(-0.1, -1.5, -1.4);(-19.4, 1.0, -9.2)
(-9.2, 6.1, 14.8);(0.9995692);(-0.3, -1.5, -1.5);(-19.4, 1.0, -9.2)
(-9.2, 6.1, 14.8);(0.99951);(-0.3, -1.4, -1.2);(-19.4, 1.0, -9.2)
(-9.2, 6.0, 14.8);(0.9993873);(0.0, -1.4, -1.2);(-19.4, 1.0, -9.2)
(-9.2, 6.0, 14.7);(0.9994293);(-0.1, -1.4, -1.4);(-19.4, 1.0, -9.2)
(-9.2, 6.0, 14.7);(0.999707);(-0.3, -1.3, -1.6);(-19.4, 1.0, -9.2)
(-9.2, 6.0, 14.7);(0.9997779);(-0.3, -1.2, -1.4);(-19.4, 1.0, -9.2)
(-9.2, 5.9, 14.6);(0.9996693);(-0.2, -1.2, -1.2);(-19.4, 1.0, -9.2)
(-9.2, 5.9, 14.6);(0.9996153);(0.0, -1.2, -1.3);(-19.4, 1.0, -9.2)
(-9.2, 5.9, 14.6);(0.999725);(-0.1, -1.1, -1.6);(-19.4, 1.0, -9.2)
(-9.2, 5.9, 14.5);(0.9998289);(-0.4, -1.1, -1.5);(-19.4, 1.0, -9.2)
(-9.2, 5.8, 14.5);(0.9997541);(-0.2, -1.1, -1.2);(-19.4, 1.0, -9.2)
(-9.2, 5.8, 14.5);(0.9996682);(0.0, -1.1, -1.3);(-19.4, 1.0, -9.2)
(-9.2, 5.8, 14.5);(0.9996788);(-0.1, -1.2, -1.5);(-19.4, 1.0, -9.2)
(-9.2, 5.8, 14.4);(0.9997993);(-0.2, -1.2, -1.6);(-19.4, 1.0, -9.2)
(-9.2, 5.7, 14.4);(0.9998253);(-0.4, -1.1, -1.4);(-19.4, 1.0, -9.2)
(-9.2, 5.7, 14.4);(0.9997056);(-0.1, -1.0, -1.2);(-19.4, 1.0, -9.2)
(-9.2, 5.7, 14.4);(0.9996035);(0.0, -1.0, -1.4);(-19.4, 1.0, -9.2)
(-9.2, 5.7, 14.3);(0.9996185);(0.0, -1.1, -1.5);(-19.4, 1.0, -9.2)
(-9.2, 5.7, 14.3);(0.9997486);(-0.2, -1.0, -1.7);(-19.4, 1.0, -9.2)
(-9.3, 5.6, 14.3);(0.9997936);(-0.4, -1.0, -1.5);(-19.4, 1.0, -9.2)
(-9.3, 5.6, 14.2);(0.9996785);(-0.1, -0.9, -1.3);(-19.4, 1.0, -9.2)
(-9.2, 5.6, 14.2);(0.9995761);(0.0, -1.0, -1.4);(-19.4, 1.0, -9.2)
(-9.2, 5.6, 14.2);(0.9995664);(0.0, -1.1, -1.5);(-19.4, 1.0, -9.2)
(-9.2, 5.6, 14.1);(0.999656);(-0.1, -1.1, -1.7);(-19.4, 1.0, -9.2)
(-9.3, 5.5, 14.1);(0.9997751);(-0.3, -1.0, -1.6);(-19.4, 1.0, -9.2)
(-9.3, 5.5, 14.1);(0.9996223);(-0.1, -0.9, -1.3);(-19.4, 1.0, -9.2)
(-9.3, 5.5, 14.1);(0.9994386);(0.1, -1.0, -1.4);(-19.4, 1.0, -9.2)
(-9.2, 5.5, 14.0);(0.9993799);(0.0, -1.1, -1.6);(-19.4, 1.0, -9.2)
(-9.2, 5.5, 14.0);(0.9994956);(-0.1, -1.1, -1.7);(-19.4, 1.0, -9.2)
(-9.3, 5.4, 14.0);(0.9996318);(-0.3, -1.1, -1.6);(-19.4, 1.0, -9.2)
(-9.3, 5.4, 13.9);(0.9994801);(-0.1, -1.0, -1.4);(-19.4, 1.0, -9.2)
(-9.3, 5.4, 13.9);(0.9993203);(0.0, -1.0, -1.5);(-19.4, 1.0, -9.2)
(-9.3, 5.4, 13.9);(0.9993206);(0.0, -1.0, -1.7);(-19.4, 1.0, -9.2)
(-9.3, 5.4, 13.8);(0.9994875);(-0.2, -1.0, -1.8);(-19.4, 1.0, -9.2)
(-9.3, 5.3, 13.8);(0.9997185);(-0.5, -1.0, -1.7);(-19.4, 1.0, -9.2)
(-9.3, 5.3, 13.8);(0.9996384);(-0.3, -0.9, -1.4);(-19.4, 1.0, -9.2)
(-9.3, 5.3, 13.7);(0.9994714);(0.1, -0.9, -1.5);(-19.4, 1.0, -9.2)
(-9.3, 5.3, 13.7);(0.9993038);(0.0, -1.1, -1.6);(-19.4, 1.0, -9.2)
(-9.3, 5.3, 13.7);(0.9992065);(0.0, -1.2, -1.6);(-19.4, 1.0, -9.2)
(-9.3, 5.2, 13.6);(0.9993198);(-0.1, -1.2, -1.8);(-19.4, 1.0, -9.2)
(-9.3, 5.2, 13.6);(0.9995723);(-0.4, -1.2, -1.8);(-19.4, 1.0, -9.2)
(-9.3, 5.2, 13.6);(0.9994873);(-0.2, -1.2, -1.5);(-19.4, 1.0, -9.2)
(-9.3, 5.2, 13.5);(0.9993192);(0.1, -1.1, -1.6);(-19.4, 1.0, -9.2)
(-9.3, 5.1, 13.5);(0.9993361);(0.0, -1.2, -1.8);(-19.4, 1.0, -9.2)
(-9.3, 5.1, 13.5);(0.9995467);(-0.3, -1.2, -1.9);(-19.4, 1.0, -9.2)
(-9.3, 5.1, 13.4);(0.9995874);(-0.3, -1.1, -1.6);(-19.4, 1.0, -9.2)
(-9.3, 5.1, 13.4);(0.9994543);(0.0, -1.0, -1.7);(-19.4, 1.0, -9.2)
(-9.3, 5.1, 13.4);(0.9994641);(-0.1, -1.1, -1.8);(-19.4, 1.0, -9.2)
(-9.3, 5.0, 13.3);(0.9996809);(-0.3, -1.0, -2.0);(-19.4, 1.0, -9.2)
(-9.3, 5.0, 13.3);(0.9996983);(-0.3, -0.9, -1.6);(-19.4, 1.0, -9.2)
(-9.3, 5.0, 13.2);(0.9995341);(0.0, -0.9, -1.7);(-19.4, 1.0, -9.2)
(-9.3, 5.0, 13.2);(0.9994849);(-0.1, -1.0, -1.8);(-19.4, 1.0, -9.2)
(-9.3, 5.0, 13.2);(0.9995863);(-0.2, -1.0, -2.0);(-19.4, 1.0, -9.2)
(-9.3, 4.9, 13.1);(0.9997952);(-0.5, -0.9, -1.8);(-19.4, 1.0, -9.2)
(-9.3, 4.9, 13.1);(0.9997519);(-0.2, -0.8, -1.5);(-19.4, 1.0, -9.2)
(-9.3, 4.9, 13.1);(0.9995698);(0.0, -0.9, -1.6);(-19.4, 1.0, -9.2)
(-9.3, 4.9, 13.0);(0.9995013);(-0.1, -0.9, -1.8);(-19.4, 1.0, -9.2)
(-9.3, 4.9, 13.0);(0.9996044);(-0.2, -0.9, -2.0);(-19.4, 1.0, -9.2)
(-9.4, 4.9, 12.9);(0.9998288);(-0.6, -0.8, -1.8);(-19.4, 1.0, -9.2)
(-9.4, 4.8, 12.9);(0.9997694);(-0.3, -0.7, -1.5);(-19.4, 1.0, -9.2)
(-9.4, 4.8, 12.9);(0.999604);(0.0, -0.8, -1.6);(-19.4, 1.0, -9.2)
(-9.4, 4.8, 12.9);(0.9994642);(0.0, -0.9, -1.7);(-19.4, 1.0, -9.2)
(-9.4, 4.8, 12.8);(0.9994076);(-0.1, -0.9, -1.8);(-19.4, 1.0, -9.2)
(-9.4, 4.8, 12.8);(0.9994695);(-0.1, -1.0, -2.0);(-19.4, 1.0, -9.2)
(-9.4, 4.7, 12.7);(0.9997168);(-0.4, -0.9, -2.0);(-19.4, 1.0, -9.2)
(-9.4, 4.7, 12.7);(0.9996424);(-0.2, -0.8, -1.7);(-19.4, 1.0, -9.2)
(-9.4, 4.7, 12.7);(0.9995405);(0.0, -0.8, -1.9);(-19.4, 1.0, -9.2)
(-9.4, 4.7, 12.6);(0.9995429);(-0.1, -0.9, -2.0);(-19.4, 1.0, -9.2)
(-9.4, 4.7, 12.6);(0.9996984);(-0.3, -0.8, -2.1);(-19.4, 1.0, -9.2)
(-9.4, 4.7, 12.5);(0.9999092);(-0.6, -0.8, -1.9);(-19.4, 1.0, -9.2)
(-9.4, 4.7, 12.5);(0.9999213);(-0.4, -0.8, -1.7);(-19.4, 1.0, -9.2)
(-9.4, 4.6, 12.5);(0.9998609);(-0.2, -0.8, -1.7);(-19.4, 1.0, -9.2)
(-9.4, 4.6, 12.4);(0.9998035);(0.1, -0.7, -1.9);(-19.4, 1.0, -9.2)
(-9.4, 4.6, 12.4);(0.9998275);(-0.1, -0.8, -2.1);(-19.4, 1.0, -9.2)
(-9.4, 4.6, 12.3);(0.9999491);(-0.4, -0.6, -2.1);(-19.4, 1.0, -9.2)
(-9.4, 4.6, 12.3);(0.9999233);(-0.2, -0.6, -1.7);(-19.4, 1.0, -9.2)
(-9.4, 4.6, 12.3);(0.9998688);(0.0, -0.6, -1.9);(-19.4, 1.0, -9.2)
(-9.4, 4.6, 12.2);(0.9998602);(-0.1, -0.7, -2.0);(-19.4, 1.0, -9.2)
(-9.4, 4.5, 12.2);(0.999918);(-0.3, -0.6, -2.1);(-19.4, 1.0, -9.2)
(-9.4, 4.5, 12.1);(0.9999663);(-0.4, -0.6, -1.9);(-19.4, 1.0, -9.2)
(-9.5, 4.5, 12.1);(0.9999263);(-0.1, -0.5, -1.7);(-19.4, 1.0, -9.2)
(-9.4, 4.5, 12.1);(0.9998702);(-0.1, -0.6, -1.9);(-19.4, 1.0, -9.2)
(-9.4, 4.5, 12.0);(0.9997976);(0.0, -0.6, -2.0);(-19.4, 1.0, -9.2)
(-9.4, 4.5, 12.0);(0.9997858);(-0.1, -0.7, -2.1);(-19.4, 1.0, -9.2)
(-9.5, 4.5, 11.9);(0.9999211);(-0.5, -0.6, -2.1);(-19.4, 1.0, -9.2)
(-9.5, 4.5, 11.9);(0.9999281);(-0.2, -0.5, -1.7);(-19.4, 1.0, -9.2)
(-9.5, 4.4, 11.9);(0.9998183);(0.0, -0.5, -1.8);(-19.4, 1.0, -9.2)
(-9.5, 4.4, 11.8);(0.9997225);(0.0, -0.6, -2.0);(-19.4, 1.0, -9.2)
(-9.5, 4.4, 11.8);(0.9996873);(-0.1, -0.7, -2.1);(-19.4, 1.0, -9.2)
(-9.5, 4.4, 11.8);(0.9997786);(-0.3, -0.7, -2.1);(-19.4, 1.0, -9.2)
(-9.5, 4.4, 11.7);(0.9998266);(-0.3, -0.6, -1.8);(-19.4, 1.0, -9.2)
(-9.5, 4.4, 11.7);(0.9996525);(0.1, -0.5, -1.9);(-19.4, 1.0, -9.2)
(-9.5, 4.4, 11.6);(0.9994603);(0.0, -0.6, -1.9);(-19.4, 1.0, -9.2)
(-9.4, 4.4, 11.6);(0.9993526);(-0.1, -0.7, -2.1);(-19.4, 1.0, -9.2)
(-9.5, 4.3, 11.6);(0.9994525);(-0.3, -0.7, -2.2);(-19.4, 1.0, -9.2)
(-9.5, 4.3, 11.5);(0.9996873);(-0.5, -0.5, -1.9);(-19.4, 1.0, -9.2)
(-9.5, 4.3, 11.5);(0.9996767);(-0.2, -0.4, -1.8);(-19.4, 1.0, -9.2)
(-9.5, 4.3, 11.5);(0.9994734);(0.0, -0.4, -1.8);(-19.4, 1.0, -9.2)
(-9.5, 4.3, 11.4);(0.9993114);(0.0, -0.5, -2.0);(-19.4, 1.0, -9.2)
(-9.5, 4.3, 11.4);(0.9992822);(-0.2, -0.5, -2.2);(-19.4, 1.0, -9.2)
(-9.5, 4.3, 11.3);(0.9995535);(-0.5, -0.5, -2.2);(-19.4, 1.0, -9.2)
(-9.5, 4.3, 11.3);(0.9995853);(-0.3, -0.4, -1.8);(-19.4, 1.0, -9.2)
(-9.5, 4.3, 11.3);(0.9993606);(0.0, -0.5, -1.8);(-19.4, 1.0, -9.2)
(-9.5, 4.3, 11.2);(0.9991086);(0.0, -0.6, -1.9);(-19.4, 1.0, -9.2)
(-9.5, 4.2, 11.2);(0.9990052);(-0.1, -0.7, -2.1);(-19.4, 1.0, -9.2)
(-9.5, 4.2, 11.1);(0.9990435);(-0.2, -0.8, -2.2);(-19.4, 1.0, -9.2)
(-9.5, 4.2, 11.1);(0.9993903);(-0.6, -0.7, -2.1);(-19.4, 1.0, -9.2)
(-9.5, 4.2, 11.1);(0.9994552);(-0.3, -0.7, -1.8);(-19.4, 1.0, -9.2)
(-9.5, 4.2, 11.0);(0.9992658);(-0.1, -0.7, -1.9);(-19.4, 1.0, -9.2)
(-9.5, 4.2, 11.0);(0.9990864);(-0.1, -0.8, -2.0);(-19.4, 1.0, -9.2)
(-9.5, 4.2, 10.9);(0.9990519);(-0.2, -0.8, -2.2);(-19.4, 1.0, -9.2)
(-9.5, 4.1, 10.9);(0.9992432);(-0.4, -0.8, -2.3);(-19.4, 1.0, -9.2)
(-9.6, 4.1, 10.8);(0.9996194);(-0.7, -0.7, -2.0);(-19.4, 1.0, -9.2)
(-9.6, 4.1, 10.8);(0.9997411);(-0.5, -0.6, -1.7);(-19.4, 1.0, -9.2)
(-9.6, 4.1, 10.8);(0.9995433);(-0.1, -0.6, -1.8);(-19.4, 1.0, -9.2)
(-9.6, 4.1, 10.7);(0.9993349);(-0.1, -0.7, -1.9);(-19.4, 1.0, -9.2)
(-9.6, 4.1, 10.7);(0.9992086);(-0.2, -0.8, -2.0);(-19.4, 1.0, -9.2)
(-9.6, 4.1, 10.7);(0.9991955);(-0.2, -0.8, -2.2);(-19.4, 1.0, -9.2)
(-9.6, 4.0, 10.6);(0.9994055);(-0.4, -0.8, -2.3);(-19.4, 1.0, -9.2)
(-9.6, 4.0, 10.6);(0.9996946);(-0.7, -0.7, -2.0);(-19.4, 1.0, -9.2)
(-9.6, 4.0, 10.5);(0.9997327);(-0.4, -0.6, -1.9);(-19.4, 1.0, -9.2)
(-9.6, 4.0, 10.5);(0.9996229);(-0.2, -0.6, -1.9);(-19.4, 1.0, -9.2)
(-9.6, 4.0, 10.5);(0.9995525);(-0.2, -0.7, -2.1);(-19.4, 1.0, -9.2)
(-9.6, 4.0, 10.4);(0.999651);(-0.3, -0.6, -2.4);(-19.4, 1.0, -9.2)
(-9.6, 4.0, 10.4);(0.9998626);(-0.6, -0.6, -2.3);(-19.4, 1.0, -9.2)
(-9.7, 4.0, 10.3);(0.9998819);(-0.4, -0.6, -1.9);(-19.4, 1.0, -9.2)
(-9.6, 3.9, 10.3);(0.9997225);(0.0, -0.5, -2.0);(-19.4, 1.0, -9.2)
(-9.6, 3.9, 10.2);(0.9995413);(-0.1, -0.7, -2.0);(-19.4, 1.0, -9.2)
(-9.6, 3.9, 10.2);(0.9994485);(-0.2, -0.8, -2.2);(-19.4, 1.0, -9.2)
(-9.6, 3.9, 10.1);(0.9994987);(-0.3, -0.8, -2.4);(-19.4, 1.0, -9.2)
(-9.7, 3.9, 10.1);(0.9997728);(-0.7, -0.7, -2.3);(-19.4, 1.0, -9.2)
(-9.7, 3.9, 10.0);(0.9998797);(-0.5, -0.7, -2.0);(-19.4, 1.0, -9.2)
(-9.7, 3.9, 10.0);(0.9998079);(-0.1, -0.6, -2.0);(-19.4, 1.0, -9.2)
(-9.7, 3.8, 10.0);(0.9997483);(-0.2, -0.6, -2.2);(-19.4, 1.0, -9.2)
(-9.7, 3.8, 9.9);(0.9997287);(-0.4, -0.5, -2.4);(-19.4, 1.0, -9.2)
(-9.7, 3.8, 9.9);(0.9998352);(-0.6, -0.5, -2.2);(-19.4, 1.0, -9.2)
(-9.7, 3.8, 9.8);(0.9999372);(-0.4, -0.4, -1.9);(-19.4, 1.0, -9.2)
(-9.7, 3.8, 9.8);(0.999891);(-0.1, -0.4, -1.9);(-19.4, 1.0, -9.2)
(-9.7, 3.8, 9.8);(0.9997767);(-0.1, -0.5, -2.1);(-19.4, 1.0, -9.2)
(-9.7, 3.8, 9.7);(0.99967);(-0.1, -0.6, -2.2);(-19.4, 1.0, -9.2)
(-9.7, 3.8, 9.7);(0.9995768);(-0.2, -0.6, -2.4);(-19.4, 1.0, -9.2)
(-9.7, 3.8, 9.6);(0.9996805);(-0.6, -0.6, -2.3);(-19.4, 1.0, -9.2)
(-9.8, 3.8, 9.6);(0.9998105);(-0.4, -0.5, -1.9);(-19.4, 1.0, -9.2)
(-9.8, 3.7, 9.5);(0.9997591);(-0.2, -0.5, -2.0);(-19.4, 1.0, -9.2)
(-9.8, 3.7, 9.5);(0.9996815);(-0.2, -0.6, -2.1);(-19.4, 1.0, -9.2)
(-9.8, 3.7, 9.4);(0.9996082);(-0.3, -0.6, -2.3);(-19.4, 1.0, -9.2)
(-9.8, 3.7, 9.4);(0.9997186);(-0.6, -0.6, -2.3);(-19.4, 1.0, -9.2)
(-9.8, 3.7, 9.4);(0.9998301);(-0.4, -0.5, -1.9);(-19.4, 1.0, -9.2)
(-9.8, 3.7, 9.3);(0.9997668);(-0.1, -0.5, -2.0);(-19.4, 1.0, -9.2)
(-9.8, 3.7, 9.3);(0.9996473);(-0.1, -0.5, -2.2);(-19.4, 1.0, -9.2)
(-9.8, 3.7, 9.2);(0.999531);(-0.3, -0.5, -2.4);(-19.4, 1.0, -9.2)
(-9.8, 3.7, 9.2);(0.999621);(-0.7, -0.5, -2.3);(-19.4, 1.0, -9.2)
(-9.8, 3.6, 9.1);(0.9997535);(-0.5, -0.5, -2.0);(-19.4, 1.0, -9.2)
(-9.8, 3.6, 9.1);(0.9997966);(-0.2, -0.4, -2.0);(-19.4, 1.0, -9.2)
(-9.8, 3.6, 9.0);(0.9997542);(-0.2, -0.5, -2.1);(-19.4, 1.0, -9.2)
(-9.8, 3.6, 9.0);(0.9996285);(-0.2, -0.5, -2.3);(-19.4, 1.0, -9.2)
(-9.9, 3.6, 8.9);(0.9995606);(-0.5, -0.4, -2.3);(-19.4, 1.0, -9.2)
(-9.9, 3.6, 8.9);(0.9996971);(-0.3, -0.4, -1.9);(-19.4, 1.0, -9.2)
(-9.9, 3.6, 8.9);(0.9997059);(-0.1, -0.4, -2.0);(-19.4, 1.0, -9.2)
(-9.9, 3.6, 8.8);(0.9996248);(-0.1, -0.5, -2.1);(-19.4, 1.0, -9.2)
(-9.9, 3.6, 8.8);(0.9994553);(-0.2, -0.5, -2.3);(-19.4, 1.0, -9.2)
(-9.9, 3.6, 8.7);(0.9994326);(-0.5, -0.5, -2.3);(-19.4, 1.0, -9.2)
(-9.9, 3.6, 8.7);(0.9996007);(-0.3, -0.5, -1.9);(-19.4, 1.0, -9.2)
(-9.9, 3.5, 8.7);(0.9996045);(-0.1, -0.5, -1.9);(-19.4, 1.0, -9.2)
(-9.9, 3.5, 8.6);(0.999526);(-0.1, -0.6, -2.1);(-19.4, 1.0, -9.2)
(-9.9, 3.5, 8.6);(0.9993656);(-0.2, -0.7, -2.3);(-19.4, 1.0, -9.2)
(-9.9, 3.5, 8.5);(0.9993832);(-0.6, -0.5, -2.3);(-19.4, 1.0, -9.2)
(-9.9, 3.5, 8.5);(0.9995278);(-0.4, -0.5, -1.9);(-19.4, 1.0, -9.2)
(-9.9, 3.5, 8.5);(0.9995475);(-0.1, -0.4, -1.9);(-19.4, 1.0, -9.2)
(-9.9, 3.5, 8.4);(0.999449);(-0.1, -0.5, -2.1);(-19.4, 1.0, -9.2)
(-9.9, 3.5, 8.4);(0.9992657);(-0.3, -0.5, -2.3);(-19.4, 1.0, -9.2)
(-9.9, 3.5, 8.3);(0.9992004);(-0.6, -0.4, -2.3);(-19.4, 1.0, -9.2)
(-9.9, 3.4, 8.3);(0.9993132);(-0.4, -0.4, -2.0);(-19.4, 1.0, -9.2)
(-9.9, 3.4, 8.2);(0.9994683);(-0.2, -0.2, -1.8);(-19.4, 1.0, -9.2)
(-9.9, 3.4, 8.2);(0.9994864);(-0.2, -0.3, -1.9);(-19.4, 1.0, -9.2)
(-9.9, 3.4, 8.2);(0.9993969);(-0.2, -0.4, -2.1);(-19.4, 1.0, -9.2)
(-10.0, 3.4, 8.1);(0.9992818);(-0.4, -0.3, -2.2);(-19.4, 1.0, -9.2)
(-10.0, 3.4, 8.1);(0.999474);(-0.6, -0.2, -2.0);(-19.4, 1.0, -9.2)
(-10.0, 3.4, 8.0);(0.9996932);(-0.4, -0.1, -1.7);(-19.4, 1.0, -9.2)
(-10.0, 3.4, 8.0);(0.9997865);(-0.2, -0.2, -1.8);(-19.4, 1.0, -9.2)
(-10.0, 3.4, 8.0);(0.9997994);(-0.1, -0.3, -1.8);(-19.4, 1.0, -9.2)
(-10.0, 3.4, 8.0);(0.999717);(-0.1, -0.3, -1.9);(-19.4, 1.0, -9.2)
(-10.0, 3.4, 7.9);(0.9996146);(-0.2, -0.4, -2.2);(-19.4, 1.0, -9.2)
(-10.0, 3.4, 7.8);(0.9995477);(-0.4, -0.3, -2.3);(-19.4, 1.0, -9.2)
(-10.0, 3.4, 7.8);(0.999659);(-0.7, -0.2, -2.2);(-19.4, 1.0, -9.2)
(-10.0, 3.4, 7.8);(0.9998296);(-0.5, -0.2, -1.8);(-19.4, 1.0, -9.2)
(-10.0, 3.4, 7.7);(0.9999082);(-0.2, -0.2, -1.8);(-19.4, 1.0, -9.2)
(-10.0, 3.4, 7.7);(0.9998597);(0.0, -0.2, -1.9);(-19.4, 1.0, -9.2)
(-10.0, 3.4, 7.7);(0.9997286);(0.0, -0.4, -1.9);(-19.4, 1.0, -9.2)
(-10.0, 3.4, 7.6);(0.9995358);(0.0, -0.5, -1.9);(-19.4, 1.0, -9.2)
(-10.0, 3.3, 7.6);(0.9993367);(-0.1, -0.6, -2.1);(-19.4, 1.0, -9.2)
(-10.0, 3.3, 7.5);(0.9991927);(-0.2, -0.7, -2.3);(-19.4, 1.0, -9.2)
(-10.0, 3.3, 7.5);(0.9993364);(-0.5, -0.6, -2.3);(-19.4, 1.0, -9.2)
(-10.0, 3.3, 7.5);(0.9995428);(-0.5, -0.5, -1.9);(-19.4, 1.0, -9.2)
(-10.0, 3.3, 7.4);(0.9994991);(-0.2, -0.4, -1.9);(-19.4, 1.0, -9.2)
(-10.0, 3.3, 7.4);(0.9993852);(-0.2, -0.4, -2.1);(-19.4, 1.0, -9.2)
(-10.1, 3.3, 7.3);(0.9993482);(-0.4, -0.3, -2.3);(-19.4, 1.0, -9.2)
(-10.1, 3.3, 7.3);(0.9995818);(-0.8, -0.2, -2.1);(-19.4, 1.0, -9.2)
(-10.1, 3.3, 7.2);(0.999828);(-0.6, -0.2, -1.7);(-19.4, 1.0, -9.2)
(-10.1, 3.3, 7.2);(0.9998951);(-0.3, -0.2, -1.8);(-19.4, 1.0, -9.2)
(-10.1, 3.3, 7.2);(0.9998488);(-0.1, -0.2, -1.9);(-19.4, 1.0, -9.2)
(-10.1, 3.3, 7.1);(0.999785);(-0.2, -0.3, -2.1);(-19.4, 1.0, -9.2)
(-10.1, 3.3, 7.1);(0.9996982);(-0.4, -0.2, -2.4);(-19.4, 1.0, -9.2)
(-10.1, 3.3, 7.0);(0.9996744);(-0.8, -0.2, -2.3);(-19.4, 1.0, -9.2)
(-10.2, 3.2, 7.0);(0.9996769);(-0.6, -0.2, -2.0);(-19.4, 1.0, -9.2)
(-10.2, 3.2, 7.0);(0.999854);(-0.4, -0.1, -1.7);(-19.4, 1.0, -9.2)
(-10.2, 3.2, 6.9);(0.9999745);(-0.1, -0.1, -1.7);(-19.4, 1.0, -9.2)
(-10.2, 3.2, 6.9);(0.9999838);(0.0, -0.2, -1.8);(-19.4, 1.0, -9.2)
(-10.2, 3.2, 6.9);(0.9999045);(0.0, -0.4, -1.8);(-19.4, 1.0, -9.2)
(-10.2, 3.2, 6.9);(0.9997699);(-0.1, -0.5, -1.8);(-19.4, 1.0, -9.2)
(-10.1, 3.2, 6.8);(0.9996292);(-0.1, -0.7, -1.9);(-19.4, 1.0, -9.2)
(-10.1, 3.2, 6.8);(0.9995645);(-0.2, -0.8, -2.1);(-19.4, 1.0, -9.2)
(-10.2, 3.2, 6.7);(0.9996278);(-0.3, -0.8, -2.3);(-19.4, 1.0, -9.2)
(-10.2, 3.2, 6.7);(0.9998714);(-0.7, -0.8, -2.2);(-19.4, 1.0, -9.2)
(-10.2, 3.1, 6.6);(0.9999465);(-0.5, -0.7, -1.9);(-19.4, 1.0, -9.2)
(-10.2, 3.1, 6.6);(0.9998695);(-0.1, -0.6, -1.9);(-19.4, 1.0, -9.2)
(-10.2, 3.1, 6.6);(0.9997998);(-0.1, -0.7, -2.1);(-19.4, 1.0, -9.2)
(-10.2, 3.1, 6.5);(0.9998053);(-0.3, -0.7, -2.4);(-19.4, 1.0, -9.2)
(-10.2, 3.1, 6.4);(0.9999083);(-0.7, -0.6, -2.3);(-19.4, 1.0, -9.2)
(-10.2, 3.1, 6.4);(0.9999676);(-0.5, -0.6, -1.9);(-19.4, 1.0, -9.2)
(-10.2, 3.1, 6.4);(0.9999773);(-0.1, -0.5, -1.9);(-19.4, 1.0, -9.2)
(-10.2, 3.1, 6.3);(0.9999044);(0.0, -0.5, -2.1);(-19.4, 1.0, -9.2)
(-10.2, 3.1, 6.3);(0.9997576);(-0.1, -0.5, -2.4);(-19.4, 1.0, -9.2)
(-10.3, 3.0, 6.2);(0.9996929);(-0.5, -0.4, -2.3);(-19.4, 1.0, -9.2)
(-10.3, 3.0, 6.2);(0.9997799);(-0.4, -0.3, -1.9);(-19.4, 1.0, -9.2)
(-10.3, 3.0, 6.2);(0.9998077);(0.0, -0.2, -1.9);(-19.4, 1.0, -9.2)
(-10.3, 3.0, 6.1);(0.9996997);(-0.1, -0.2, -2.1);(-19.4, 1.0, -9.2)
(-10.3, 3.0, 6.0);(0.9994671);(-0.2, -0.2, -2.4);(-19.4, 1.0, -9.2)
(-10.3, 3.0, 6.0);(0.9993529);(-0.6, -0.2, -2.3);(-19.4, 1.0, -9.2)
(-10.3, 3.0, 6.0);(0.9994825);(-0.4, -0.2, -1.9);(-19.4, 1.0, -9.2)
(-10.3, 3.0, 5.9);(0.9996354);(-0.1, -0.1, -1.8);(-19.4, 1.0, -9.2)
(-10.3, 3.0, 5.9);(0.9996164);(-0.1, -0.1, -2.0);(-19.4, 1.0, -9.2)
(-10.3, 3.0, 5.8);(0.9994009);(-0.3, -0.1, -2.3);(-19.4, 1.0, -9.2)
(-10.3, 3.0, 5.8);(0.999274);(-0.6, 0.0, -2.2);(-19.4, 1.0, -9.2)
(-10.3, 3.0, 5.8);(0.9993873);(-0.5, 0.0, -1.9);(-19.4, 1.0, -9.2)
(-10.3, 3.0, 5.7);(0.9995421);(0.0, 0.0, -1.9);(-19.4, 1.0, -9.2)
(-10.3, 3.0, 5.7);(0.9995259);(0.0, 0.0, -2.0);(-19.4, 1.0, -9.2)
(-10.3, 3.0, 5.6);(0.9992622);(-0.1, 0.0, -2.3);(-19.4, 1.0, -9.2)
(-10.4, 3.0, 5.6);(0.9990116);(-0.5, 0.1, -2.2);(-19.4, 1.0, -9.2)
(-10.4, 3.0, 5.5);(0.9991838);(-0.3, 0.1, -1.8);(-19.4, 1.0, -9.2)
(-10.4, 3.0, 5.5);(0.9993589);(0.0, 0.1, -1.8);(-19.4, 1.0, -9.2)
(-10.3, 3.0, 5.5);(0.99937);(0.0, 0.0, -1.9);(-19.4, 1.0, -9.2)
(-10.3, 3.0, 5.4);(0.9992178);(-0.1, 0.0, -2.1);(-19.4, 1.0, -9.2)
(-10.4, 3.0, 5.4);(0.9990001);(-0.5, 0.1, -2.2);(-19.4, 1.0, -9.2)
(-10.4, 3.0, 5.3);(0.999135);(-0.3, 0.1, -1.8);(-19.4, 1.0, -9.2)
(-10.4, 3.0, 5.3);(0.999265);(0.0, 0.2, -1.8);(-19.4, 1.0, -9.2)
(-10.4, 3.0, 5.3);(0.9991946);(0.0, 0.1, -2.0);(-19.4, 1.0, -9.2)
(-10.4, 3.0, 5.2);(0.99881);(-0.1, 0.2, -2.3);(-19.4, 1.0, -9.2)
(-10.4, 3.0, 5.2);(0.9984865);(-0.5, 0.2, -2.2);(-19.4, 1.0, -9.2)
(-10.4, 3.0, 5.1);(0.9985828);(-0.3, 0.2, -1.9);(-19.4, 1.0, -9.2)
(-10.4, 3.0, 5.1);(0.9989538);(-0.1, 0.3, -1.6);(-19.4, 1.0, -9.2)
(-10.4, 3.1, 5.1);(0.9991423);(0.1, 0.3, -1.7);(-19.4, 1.0, -9.2)
(-10.4, 3.1, 5.0);(0.9991211);(0.1, 0.2, -1.9);(-19.4, 1.0, -9.2)
(-10.4, 3.1, 5.0);(0.9989104);(0.0, 0.1, -2.0);(-19.4, 1.0, -9.2)
(-10.4, 3.1, 4.9);(0.9985924);(-0.3, 0.2, -2.2);(-19.4, 1.0, -9.2)
(-10.4, 3.1, 4.9);(0.9984998);(-0.7, 0.3, -2.0);(-19.4, 1.0, -9.2)
(-10.4, 3.1, 4.9);(0.9987367);(-0.5, 0.3, -1.7);(-19.4, 1.0, -9.2)
(-10.4, 3.1, 4.8);(0.9990481);(-0.2, 0.4, -1.6);(-19.4, 1.0, -9.2)
(-10.4, 3.1, 4.8);(0.9993323);(0.1, 0.3, -1.6);(-19.4, 1.0, -9.2)
(-10.4, 3.1, 4.8);(0.9994746);(0.1, 0.2, -1.7);(-19.4, 1.0, -9.2)
(-10.4, 3.1, 4.8);(0.9995072);(0.1, 0.1, -1.8);(-19.4, 1.0, -9.2)
(-10.4, 3.1, 4.7);(0.9994146);(0.0, 0.0, -1.9);(-19.4, 1.0, -9.2)
(-10.4, 3.1, 4.7);(0.9990528);(-0.2, 0.0, -2.2);(-19.4, 1.0, -9.2)
(-10.4, 3.1, 4.6);(0.9987476);(-0.6, 0.1, -2.2);(-19.4, 1.0, -9.2)
(-10.5, 3.1, 4.6);(0.9987772);(-0.4, 0.1, -1.8);(-19.4, 1.0, -9.2)
(-10.5, 3.1, 4.6);(0.9991335);(-0.2, 0.2, -1.5);(-19.4, 1.0, -9.2)
(-10.4, 3.1, 4.5);(0.9994222);(0.1, 0.2, -1.5);(-19.4, 1.0, -9.2)
(-10.4, 3.1, 4.5);(0.9995375);(0.1, 0.1, -1.6);(-19.4, 1.0, -9.2)
(-10.4, 3.1, 4.5);(0.9995289);(0.1, -0.1, -1.7);(-19.4, 1.0, -9.2)
(-10.4, 3.1, 4.4);(0.99941);(0.0, -0.2, -1.9);(-19.4, 1.0, -9.2)
(-10.4, 3.1, 4.4);(0.9992043);(-0.2, -0.1, -2.1);(-19.4, 1.0, -9.2)
(-10.5, 3.1, 4.3);(0.9991245);(-0.6, 0.0, -2.0);(-19.4, 1.0, -9.2)
(-10.5, 3.1, 4.3);(0.9993066);(-0.4, 0.0, -1.6);(-19.4, 1.0, -9.2)
(-10.5, 3.1, 4.3);(0.9995104);(-0.1, 0.1, -1.6);(-19.4, 1.0, -9.2)
(-10.5, 3.1, 4.3);(0.9995942);(0.1, 0.1, -1.7);(-19.4, 1.0, -9.2)
(-10.5, 3.1, 4.2);(0.9994657);(0.0, 0.0, -1.9);(-19.4, 1.0, -9.2)
(-10.5, 3.1, 4.2);(0.9992072);(-0.2, 0.2, -2.1);(-19.4, 1.0, -9.2)
(-10.5, 3.1, 4.1);(0.9992199);(-0.4, 0.3, -1.8);(-19.4, 1.0, -9.2)
