(14.2, 31.9, -20.6);(0.7664646);(0.2, -5.0, 0.3);(-14.0, 1.0, -14.1)
(14.2, 31.8, -20.6);(0.7714622);(0.2, -5.1, 0.3);(-14.0, 1.0, -14.1)
(14.2, 31.7, -20.6);(0.7763834);(0.2, -5.3, 0.3);(-14.0, 1.0, -14.1)
(14.2, 31.6, -20.6);(0.781228);(0.2, -5.5, 0.3);(-14.0, 1.0, -14.1)
(14.2, 31.5, -20.6);(0.7859961);(0.2, -5.7, 0.3);(-14.0, 1.0, -14.1)
(14.2, 31.3, -20.6);(0.7906876);(0.2, -5.9, 0.3);(-14.0, 1.0, -14.1)
(14.2, 31.2, -20.5);(0.7953027);(0.2, -6.1, 0.3);(-14.0, 1.0, -14.1)
(14.3, 31.1, -20.5);(0.7998414);(0.2, -6.2, 0.3);(-14.0, 1.0, -14.1)
(14.3, 30.9, -20.5);(0.8043037);(0.2, -6.4, 0.3);(-14.0, 1.0, -14.1)
(14.3, 30.8, -20.5);(0.8086896);(0.2, -6.6, 0.3);(-14.0, 1.0, -14.1)
(14.3, 30.7, -20.5);(0.8129992);(0.2, -6.8, 0.3);(-14.0, 1.0, -14.1)
(14.3, 30.5, -20.5);(0.8172327);(0.2, -7.0, 0.3);(-14.0, 1.0, -14.1)
(14.3, 30.4, -20.5);(0.8213901);(0.2, -7.2, 0.3);(-14.0, 1.0, -14.1)
(14.3, 30.2, -20.4);(0.8254715);(0.2, -7.3, 0.3);(-14.0, 1.0, -14.1)
(14.3, 30.1, -20.4);(0.8294768);(0.2, -7.5, 0.3);(-14.0, 1.0, -14.1)
(14.3, 29.9, -20.4);(0.8334064);(0.2, -7.7, 0.3);(-14.0, 1.0, -14.1)
(14.3, 29.7, -20.4);(0.8372601);(0.2, -7.9, 0.3);(-14.0, 1.0, -14.1)
(14.3, 29.6, -20.4);(0.8410383);(0.2, -8.1, 0.3);(-14.0, 1.0, -14.1)
(14.3, 29.4, -20.4);(0.844741);(0.2, -8.2, 0.3);(-14.0, 1.0, -14.1)
(14.4, 29.2, -20.4);(0.8483682);(0.2, -8.4, 0.3);(-14.0, 1.0, -14.1)
(14.4, 29.1, -20.3);(0.8519202);(0.2, -8.6, 0.3);(-14.0, 1.0, -14.1)
(14.4, 28.9, -20.3);(0.8553973);(0.2, -8.8, 0.3);(-14.0, 1.0, -14.1)
(14.4, 28.7, -20.3);(0.8587993);(0.2, -9.0, 0.3);(-14.0, 1.0, -14.1)
(14.4, 28.5, -20.3);(0.8621265);(0.2, -9.1, 0.3);(-14.0, 1.0, -14.1)
(14.4, 28.3, -20.3);(0.8653792);(0.2, -9.3, 0.3);(-14.0, 1.0, -14.1)
(14.4, 28.1, -20.3);(0.8685573);(0.2, -9.5, 0.3);(-14.0, 1.0, -14.1)
(14.4, 27.9, -20.3);(0.8716611);(0.2, -9.7, 0.3);(-14.0, 1.0, -14.1)
(14.4, 27.7, -20.3);(0.8746909);(0.2, -9.8, 0.3);(-14.0, 1.0, -14.1)
(14.4, 27.5, -20.2);(0.8776467);(0.2, -10.0, 0.3);(-14.0, 1.0, -14.1)
(14.4, 27.3, -20.2);(0.8805289);(0.2, -10.2, 0.3);(-14.0, 1.0, -14.1)
(14.4, 27.1, -20.2);(0.8833375);(0.2, -10.4, 0.3);(-14.0, 1.0, -14.1)
(14.4, 26.9, -20.2);(0.8860729);(0.2, -10.5, 0.3);(-14.0, 1.0, -14.1)
(14.5, 26.7, -20.2);(0.8887351);(0.2, -10.7, 0.3);(-14.0, 1.0, -14.1)
(14.5, 26.5, -20.2);(0.8913244);(0.2, -10.9, 0.3);(-14.0, 1.0, -14.1)
(14.5, 26.2, -20.2);(0.893841);(0.2, -11.1, 0.3);(-14.0, 1.0, -14.1)
(14.5, 26.0, -20.1);(0.8962853);(0.2, -11.2, 0.3);(-14.0, 1.0, -14.1)
(14.5, 25.8, -20.1);(0.8986573);(0.2, -11.4, 0.3);(-14.0, 1.0, -14.1)
(14.5, 25.5, -20.1);(0.9012709);(0.2, -11.6, 0.3);(-14.0, 1.0, -14.1)
(14.5, 25.3, -20.1);(0.904314);(0.3, -11.7, 0.2);(-14.0, 1.0, -14.1)
(14.5, 25.1, -20.1);(0.9087718);(0.4, -11.9, 0.1);(-14.0, 1.0, -14.1)
(14.6, 24.8, -20.1);(0.9142672);(0.6, -12.0, 0.0);(-14.0, 1.0, -14.1)
(14.6, 24.6, -20.1);(0.9197935);(0.6, -12.2, 0.0);(-14.0, 1.0, -14.1)
(14.6, 24.3, -20.1);(0.9261345);(0.7, -12.3, 0.0);(-14.0, 1.0, -14.1)
(14.7, 24.0, -20.1);(0.9328874);(0.8, -12.4, -0.1);(-14.0, 1.0, -14.1)
(14.7, 23.8, -20.1);(0.9395583);(0.9, -12.5, -0.2);(-14.0, 1.0, -14.1)
(14.7, 23.5, -20.1);(0.9458253);(0.9, -12.7, -0.2);(-14.0, 1.0, -14.1)
(14.8, 23.3, -20.1);(0.9514986);(0.9, -12.8, -0.2);(-14.0, 1.0, -14.1)
(14.8, 23.0, -20.2);(0.956327);(0.9, -12.8, -0.4);(-14.0, 1.0, -14.1)
(14.9, 22.7, -20.2);(0.9608122);(1.0, -12.9, -0.5);(-14.0, 1.0, -14.1)
(14.9, 22.5, -20.2);(0.9635157);(0.9, -12.8, -0.6);(-14.0, 1.0, -14.1)
(14.9, 22.2, -20.2);(0.9660454);(1.0, -12.8, -0.5);(-14.0, 1.0, -14.1)
(15.0, 22.0, -20.3);(0.967575);(1.0, -12.7, -0.5);(-14.0, 1.0, -14.1)
(15.0, 21.7, -20.3);(0.9691375);(1.0, -12.6, -0.4);(-14.0, 1.0, -14.1)
(15.1, 21.5, -20.3);(0.9707519);(1.2, -12.4, -0.3);(-14.0, 1.0, -14.1)
(15.1, 21.2, -20.3);(0.9711843);(1.1, -12.3, -0.3);(-14.0, 1.0, -14.1)
(15.1, 21.0, -20.3);(0.9723638);(1.2, -12.2, -0.1);(-14.0, 1.0, -14.1)
(15.2, 20.7, -20.4);(0.9728419);(1.2, -12.2, -0.2);(-14.0, 1.0, -14.1)
(15.2, 20.5, -20.4);(0.9728474);(1.2, -12.1, -0.1);(-14.0, 1.0, -14.1)
(15.3, 20.2, -20.4);(0.9723653);(1.2, -11.9, -0.1);(-14.0, 1.0, -14.1)
(15.3, 20.0, -20.4);(0.9730055);(1.2, -11.8, 0.2);(-14.0, 1.0, -14.1)
(15.3, 19.8, -20.4);(0.973332);(1.2, -11.7, 0.3);(-14.0, 1.0, -14.1)
(15.4, 19.5, -20.4);(0.97354);(1.3, -11.5, 0.3);(-14.0, 1.0, -14.1)
(15.4, 19.3, -20.4);(0.9730608);(1.4, -11.3, 0.2);(-14.0, 1.0, -14.1)
(15.5, 19.1, -20.4);(0.9726108);(1.3, -11.2, 0.4);(-14.0, 1.0, -14.1)
(15.5, 18.9, -20.4);(0.973093);(1.2, -11.2, 0.6);(-14.0, 1.0, -14.1)
(15.5, 18.6, -20.4);(0.9727527);(1.3, -10.8, 0.6);(-14.0, 1.0, -14.1)
(15.6, 18.4, -20.4);(0.972176);(1.3, -10.8, 0.6);(-14.0, 1.0, -14.1)
(15.6, 18.2, -20.4);(0.9717661);(1.1, -10.6, 0.7);(-14.0, 1.0, -14.1)
(15.6, 18.0, -20.3);(0.9730254);(1.3, -10.5, 1.1);(-14.0, 1.0, -14.1)
(15.7, 17.8, -20.3);(0.9732494);(1.3, -10.5, 0.9);(-14.0, 1.0, -14.1)
(15.7, 17.6, -20.3);(0.9728521);(1.2, -10.5, 0.9);(-14.0, 1.0, -14.1)
(15.7, 17.4, -20.3);(0.9731054);(1.1, -10.3, 1.1);(-14.0, 1.0, -14.1)
(15.8, 17.2, -20.2);(0.9732421);(1.3, -10.2, 1.1);(-14.0, 1.0, -14.1)
(15.8, 17.0, -20.2);(0.9724764);(1.2, -10.2, 1.0);(-14.0, 1.0, -14.1)
(15.9, 16.8, -20.2);(0.9728646);(1.1, -10.1, 1.2);(-14.0, 1.0, -14.1)
(15.9, 16.6, -20.2);(0.973541);(1.0, -10.0, 1.3);(-14.0, 1.0, -14.1)
(15.9, 16.4, -20.1);(0.9734654);(1.2, -9.8, 1.3);(-14.0, 1.0, -14.1)
(15.9, 16.2, -20.1);(0.9729503);(1.0, -9.8, 1.3);(-14.0, 1.0, -14.1)
(16.0, 16.0, -20.1);(0.9735664);(1.0, -9.5, 1.5);(-14.0, 1.0, -14.1)
(16.0, 15.8, -20.0);(0.9732568);(1.1, -9.2, 1.5);(-14.0, 1.0, -14.1)
(16.0, 15.6, -20.0);(0.972856);(0.9, -9.1, 1.5);(-14.0, 1.0, -14.1)
(16.0, 15.4, -20.0);(0.9737919);(1.0, -8.9, 1.8);(-14.0, 1.0, -14.1)
(16.1, 15.3, -19.9);(0.9738824);(0.9, -8.9, 1.7);(-14.0, 1.0, -14.1)
(16.1, 15.1, -19.9);(0.9737164);(0.7, -8.7, 1.7);(-14.0, 1.0, -14.1)
(16.1, 14.9, -19.8);(0.9754713);(0.7, -8.6, 2.1);(-14.0, 1.0, -14.1)
(16.1, 14.8, -19.8);(0.9758674);(0.9, -8.5, 2.0);(-14.0, 1.0, -14.1)
(16.1, 14.6, -19.8);(0.9754028);(0.8, -8.4, 1.8);(-14.0, 1.0, -14.1)
(16.2, 14.4, -19.7);(0.9759476);(0.6, -8.2, 2.0);(-14.0, 1.0, -14.1)
(16.2, 14.3, -19.7);(0.9761164);(0.8, -8.1, 2.1);(-14.0, 1.0, -14.1)
(16.2, 14.1, -19.6);(0.9759231);(0.7, -8.1, 2.0);(-14.0, 1.0, -14.1)
(16.2, 13.9, -19.6);(0.9764401);(0.4, -8.0, 2.0);(-14.0, 1.0, -14.1)
(16.2, 13.8, -19.5);(0.9770628);(0.6, -7.8, 2.3);(-14.0, 1.0, -14.1)
(16.2, 13.6, -19.5);(0.977441);(0.5, -7.9, 2.2);(-14.0, 1.0, -14.1)
(16.3, 13.5, -19.4);(0.9775488);(0.4, -7.7, 2.1);(-14.0, 1.0, -14.1)
(16.3, 13.3, -19.4);(0.9788382);(0.2, -7.6, 2.3);(-14.0, 1.0, -14.1)
(16.3, 13.2, -19.3);(0.980209);(0.3, -7.4, 2.5);(-14.0, 1.0, -14.1)
(16.3, 13.0, -19.3);(0.9808487);(0.3, -7.3, 2.4);(-14.0, 1.0, -14.1)
(16.3, 12.9, -19.2);(0.9810851);(0.2, -7.2, 2.3);(-14.0, 1.0, -14.1)
(16.3, 12.7, -19.2);(0.9824736);(0.0, -7.1, 2.4);(-14.0, 1.0, -14.1)
(16.3, 12.6, -19.1);(0.9828935);(0.3, -6.9, 2.6);(-14.0, 1.0, -14.1)
(16.3, 12.5, -19.1);(0.9832351);(0.1, -6.9, 2.4);(-14.0, 1.0, -14.1)
(16.3, 12.3, -19.0);(0.9840901);(0.0, -6.8, 2.4);(-14.0, 1.0, -14.1)
(16.3, 12.2, -18.9);(0.9845073);(0.1, -6.5, 2.5);(-14.0, 1.0, -14.1)
(16.3, 12.1, -18.9);(0.9849907);(0.0, -6.6, 2.5);(-14.0, 1.0, -14.1)
(16.3, 11.9, -18.8);(0.9852554);(0.0, -6.3, 2.6);(-14.0, 1.0, -14.1)
(16.3, 11.8, -18.8);(0.9855246);(-0.1, -6.4, 2.4);(-14.0, 1.0, -14.1)
(16.3, 11.7, -18.7);(0.9863384);(-0.2, -6.2, 2.6);(-14.0, 1.0, -14.1)
(16.3, 11.6, -18.7);(0.9867582);(-0.2, -5.9, 2.5);(-14.0, 1.0, -14.1)
(16.3, 11.4, -18.6);(0.987845);(-0.5, -5.8, 2.5);(-14.0, 1.0, -14.1)
(16.3, 11.3, -18.5);(0.988414);(-0.2, -5.6, 2.7);(-14.0, 1.0, -14.1)
(16.3, 11.2, -18.5);(0.9887488);(-0.2, -5.7, 2.6);(-14.0, 1.0, -14.1)
(16.2, 11.1, -18.4);(0.989271);(-0.4, -5.7, 2.5);(-14.0, 1.0, -14.1)
(16.2, 11.0, -18.4);(0.99033);(-0.6, -5.5, 2.6);(-14.0, 1.0, -14.1)
(16.2, 10.9, -18.3);(0.9905497);(-0.3, -5.2, 2.8);(-14.0, 1.0, -14.1)
(16.2, 10.8, -18.3);(0.9908877);(-0.4, -5.3, 2.6);(-14.0, 1.0, -14.1)
(16.2, 10.7, -18.2);(0.9910377);(-0.5, -5.2, 2.5);(-14.0, 1.0, -14.1)
(16.2, 10.6, -18.1);(0.9917611);(-0.6, -5.1, 2.6);(-14.0, 1.0, -14.1)
(16.2, 10.5, -18.1);(0.9923324);(-0.6, -4.9, 2.7);(-14.0, 1.0, -14.1)
(16.2, 10.4, -18.0);(0.9927299);(-0.6, -4.9, 2.6);(-14.0, 1.0, -14.1)
(16.1, 10.3, -18.0);(0.9932516);(-0.7, -4.7, 2.6);(-14.0, 1.0, -14.1)
(16.1, 10.2, -17.9);(0.9937485);(-0.7, -4.5, 2.7);(-14.0, 1.0, -14.1)
(16.1, 10.1, -17.9);(0.9940985);(-0.7, -4.4, 2.6);(-14.0, 1.0, -14.1)
(16.1, 10.0, -17.8);(0.9944123);(-0.7, -4.3, 2.6);(-14.0, 1.0, -14.1)
(16.1, 9.9, -17.7);(0.9949037);(-0.8, -4.3, 2.6);(-14.0, 1.0, -14.1)
(16.0, 9.8, -17.7);(0.9955152);(-0.9, -4.1, 2.6);(-14.0, 1.0, -14.1)
(16.0, 9.8, -17.6);(0.9956685);(-0.7, -4.0, 2.7);(-14.0, 1.0, -14.1)
(16.0, 9.7, -17.6);(0.9958636);(-0.8, -4.0, 2.5);(-14.0, 1.0, -14.1)
(16.0, 9.6, -17.5);(0.9962185);(-0.9, -3.9, 2.5);(-14.0, 1.0, -14.1)
(16.0, 9.5, -17.5);(0.9965459);(-0.9, -3.8, 2.6);(-14.0, 1.0, -14.1)
(15.9, 9.5, -17.4);(0.996556);(-0.8, -3.8, 2.5);(-14.0, 1.0, -14.1)
(15.9, 9.4, -17.4);(0.9967716);(-0.9, -3.8, 2.3);(-14.0, 1.0, -14.1)
(15.9, 9.3, -17.3);(0.9973258);(-1.1, -3.7, 2.5);(-14.0, 1.0, -14.1)
(15.9, 9.2, -17.2);(0.9971829);(-0.8, -3.6, 2.6);(-14.0, 1.0, -14.1)
(15.9, 9.2, -17.2);(0.9972154);(-0.9, -3.6, 2.5);(-14.0, 1.0, -14.1)
(15.8, 9.1, -17.1);(0.9972891);(-0.9, -3.5, 2.4);(-14.0, 1.0, -14.1)
(15.8, 9.0, -17.1);(0.9975141);(-1.0, -3.5, 2.4);(-14.0, 1.0, -14.1)
(15.8, 9.0, -17.0);(0.9975177);(-0.9, -3.2, 2.4);(-14.0, 1.0, -14.1)
(15.8, 8.9, -17.0);(0.9976196);(-1.0, -3.3, 2.3);(-14.0, 1.0, -14.1)
(15.7, 8.8, -16.9);(0.9978269);(-1.0, -3.1, 2.2);(-14.0, 1.0, -14.1)
(15.7, 8.8, -16.9);(0.9981986);(-1.2, -3.0, 2.4);(-14.0, 1.0, -14.1)
(15.7, 8.7, -16.8);(0.99798);(-0.9, -2.9, 2.5);(-14.0, 1.0, -14.1)
(15.7, 8.7, -16.8);(0.9977714);(-0.9, -3.0, 2.4);(-14.0, 1.0, -14.1)
(15.7, 8.6, -16.7);(0.9976448);(-1.0, -3.1, 2.4);(-14.0, 1.0, -14.1)
(15.6, 8.5, -16.7);(0.9975861);(-1.0, -3.2, 2.3);(-14.0, 1.0, -14.1)
(15.6, 8.5, -16.6);(0.9976695);(-1.0, -3.1, 2.1);(-14.0, 1.0, -14.1)
(15.6, 8.4, -16.6);(0.9980567);(-1.3, -3.0, 2.2);(-14.0, 1.0, -14.1)
(15.6, 8.3, -16.5);(0.9979264);(-1.0, -2.9, 2.3);(-14.0, 1.0, -14.1)
(15.5, 8.3, -16.5);(0.9979068);(-1.0, -2.9, 2.1);(-14.0, 1.0, -14.1)
(15.5, 8.2, -16.5);(0.9981756);(-1.2, -2.9, 2.0);(-14.0, 1.0, -14.1)
(15.5, 8.2, -16.4);(0.9979508);(-1.1, -2.7, 2.3);(-14.0, 1.0, -14.1)
(15.5, 8.1, -16.4);(0.9976724);(-1.0, -2.8, 2.2);(-14.0, 1.0, -14.1)
(15.4, 8.1, -16.3);(0.9976613);(-1.1, -2.8, 2.1);(-14.0, 1.0, -14.1)
(15.4, 8.0, -16.3);(0.9979797);(-1.2, -2.7, 1.9);(-14.0, 1.0, -14.1)
(15.4, 8.0, -16.2);(0.9977181);(-1.2, -2.5, 2.2);(-14.0, 1.0, -14.1)
(15.4, 7.9, -16.2);(0.9973264);(-0.9, -2.5, 2.1);(-14.0, 1.0, -14.1)
(15.4, 7.9, -16.1);(0.9972408);(-1.0, -2.6, 1.9);(-14.0, 1.0, -14.1)
(15.3, 7.8, -16.1);(0.9974919);(-1.2, -2.6, 1.8);(-14.0, 1.0, -14.1)
(15.3, 7.8, -16.1);(0.9974169);(-1.2, -2.4, 2.0);(-14.0, 1.0, -14.1)
(15.3, 7.7, -16.0);(0.9971941);(-1.0, -2.3, 1.9);(-14.0, 1.0, -14.1)
(15.3, 7.7, -16.0);(0.9972605);(-1.1, -2.4, 1.8);(-14.0, 1.0, -14.1)
(15.2, 7.6, -16.0);(0.9975045);(-1.3, -2.4, 1.7);(-14.0, 1.0, -14.1)
(15.2, 7.6, -15.9);(0.9973444);(-1.2, -2.3, 1.9);(-14.0, 1.0, -14.1)
(15.2, 7.5, -15.9);(0.9969907);(-1.0, -2.3, 1.9);(-14.0, 1.0, -14.1)
(15.2, 7.5, -15.8);(0.9968675);(-1.0, -2.4, 1.7);(-14.0, 1.0, -14.1)
(15.1, 7.4, -15.8);(0.9972817);(-1.2, -2.4, 1.5);(-14.0, 1.0, -14.1)
(15.1, 7.4, -15.8);(0.9971879);(-1.3, -2.3, 1.8);(-14.0, 1.0, -14.1)
(15.1, 7.3, -15.7);(0.9966844);(-1.0, -2.1, 1.8);(-14.0, 1.0, -14.1)
(15.1, 7.3, -15.7);(0.9963484);(-1.0, -2.2, 1.7);(-14.0, 1.0, -14.1)
(15.0, 7.2, -15.7);(0.9964699);(-1.1, -2.3, 1.5);(-14.0, 1.0, -14.1)
(15.0, 7.2, -15.6);(0.9967509);(-1.1, -2.1, 1.4);(-14.0, 1.0, -14.1)
(15.0, 7.2, -15.6);(0.9970092);(-1.3, -1.9, 1.4);(-14.0, 1.0, -14.1)
(15.0, 7.1, -15.6);(0.9967075);(-1.1, -1.8, 1.6);(-14.0, 1.0, -14.1)
(15.0, 7.1, -15.5);(0.9966585);(-1.0, -1.8, 1.4);(-14.0, 1.0, -14.1)
(14.9, 7.1, -15.5);(0.9970223);(-1.1, -1.9, 1.2);(-14.0, 1.0, -14.1)
(14.9, 7.0, -15.5);(0.9973138);(-1.4, -1.8, 1.3);(-14.0, 1.0, -14.1)
(14.9, 7.0, -15.5);(0.9969473);(-1.1, -1.7, 1.5);(-14.0, 1.0, -14.1)
(14.9, 7.0, -15.4);(0.996762);(-0.9, -1.7, 1.4);(-14.0, 1.0, -14.1)
(14.8, 6.9, -15.4);(0.9968801);(-1.0, -1.8, 1.2);(-14.0, 1.0, -14.1)
(14.8, 6.9, -15.4);(0.9972164);(-1.2, -1.9, 1.1);(-14.0, 1.0, -14.1)
(14.8, 6.8, -15.4);(0.9973634);(-1.3, -1.8, 1.2);(-14.0, 1.0, -14.1)
(14.8, 6.8, -15.3);(0.997111);(-1.1, -1.7, 1.4);(-14.0, 1.0, -14.1)
(14.7, 6.8, -15.3);(0.9971834);(-1.1, -1.7, 1.2);(-14.0, 1.0, -14.1)
(14.7, 6.7, -15.3);(0.9975471);(-1.1, -1.6, 1.0);(-14.0, 1.0, -14.1)
(14.7, 6.7, -15.3);(0.9976485);(-1.3, -1.5, 1.1);(-14.0, 1.0, -14.1)
(14.7, 6.7, -15.3);(0.9971705);(-1.0, -1.4, 1.3);(-14.0, 1.0, -14.1)
(14.6, 6.7, -15.2);(0.9968802);(-0.9, -1.4, 1.2);(-14.0, 1.0, -14.1)
(14.6, 6.6, -15.2);(0.9967214);(-0.9, -1.6, 1.1);(-14.0, 1.0, -14.1)
(14.6, 6.6, -15.2);(0.996734);(-1.0, -1.7, 1.0);(-14.0, 1.0, -14.1)
(14.6, 6.6, -15.2);(0.9970754);(-1.1, -1.8, 0.9);(-14.0, 1.0, -14.1)
(14.6, 6.5, -15.2);(0.9974248);(-1.3, -1.7, 0.9);(-14.0, 1.0, -14.1)
(14.5, 6.5, -15.1);(0.9971355);(-1.1, -1.6, 1.1);(-14.0, 1.0, -14.1)
(14.5, 6.5, -15.1);(0.9970673);(-1.0, -1.7, 1.0);(-14.0, 1.0, -14.1)
(14.5, 6.4, -15.1);(0.9973041);(-1.0, -1.7, 0.8);(-14.0, 1.0, -14.1)
(14.5, 6.4, -15.1);(0.9975376);(-1.2, -1.6, 0.8);(-14.0, 1.0, -14.1)
(14.4, 6.4, -15.1);(0.9972332);(-1.1, -1.5, 1.0);(-14.0, 1.0, -14.1)
(14.4, 6.3, -15.0);(0.9970536);(-0.8, -1.5, 0.9);(-14.0, 1.0, -14.1)
(14.4, 6.3, -15.0);(0.9970618);(-0.9, -1.6, 0.8);(-14.0, 1.0, -14.1)
(14.4, 6.3, -15.0);(0.9975569);(-1.0, -1.6, 0.6);(-14.0, 1.0, -14.1)
(14.4, 6.2, -15.0);(0.9979085);(-1.4, -1.6, 0.6);(-14.0, 1.0, -14.1)
(14.3, 6.2, -15.0);(0.9975272);(-1.2, -1.5, 1.0);(-14.0, 1.0, -14.1)
(14.3, 6.2, -15.0);(0.9972001);(-0.8, -1.5, 0.9);(-14.0, 1.0, -14.1)
(14.3, 6.1, -14.9);(0.996959);(-0.9, -1.6, 0.8);(-14.0, 1.0, -14.1)
(14.3, 6.1, -14.9);(0.9968672);(-0.9, -1.8, 0.8);(-14.0, 1.0, -14.1)
(14.3, 6.1, -14.9);(0.9971975);(-1.0, -1.8, 0.5);(-14.0, 1.0, -14.1)
(14.2, 6.0, -14.9);(0.9975244);(-1.3, -1.7, 0.5);(-14.0, 1.0, -14.1)
(14.2, 6.0, -14.9);(0.9970726);(-1.0, -1.6, 0.9);(-14.0, 1.0, -14.1)
(14.2, 6.0, -14.9);(0.9969506);(-0.8, -1.6, 0.7);(-14.0, 1.0, -14.1)
(14.2, 5.9, -14.9);(0.997193);(-1.0, -1.7, 0.5);(-14.0, 1.0, -14.1)
(14.2, 5.9, -14.9);(0.9974626);(-1.2, -1.5, 0.5);(-14.0, 1.0, -14.1)
(14.1, 5.9, -14.8);(0.9970006);(-1.0, -1.4, 0.8);(-14.0, 1.0, -14.1)
(14.1, 5.8, -14.8);(0.9967332);(-0.8, -1.4, 0.6);(-14.0, 1.0, -14.1)
(14.1, 5.8, -14.8);(0.9967512);(-0.9, -1.5, 0.5);(-14.0, 1.0, -14.1)
(14.1, 5.8, -14.8);(0.9973217);(-1.0, -1.6, 0.2);(-14.0, 1.0, -14.1)
(14.1, 5.8, -14.8);(0.9977344);(-1.4, -1.5, 0.3);(-14.0, 1.0, -14.1)
(14.0, 5.7, -14.8);(0.9974051);(-1.1, -1.4, 0.6);(-14.0, 1.0, -14.1)
(14.0, 5.7, -14.8);(0.9971007);(-0.8, -1.3, 0.6);(-14.0, 1.0, -14.1)
(14.0, 5.7, -14.8);(0.9968532);(-0.8, -1.5, 0.5);(-14.0, 1.0, -14.1)
(14.0, 5.6, -14.8);(0.9969797);(-0.9, -1.6, 0.3);(-14.0, 1.0, -14.1)
(14.0, 5.6, -14.8);(0.9976686);(-1.1, -1.5, 0.0);(-14.0, 1.0, -14.1)
(13.9, 5.6, -14.8);(0.9977447);(-1.2, -1.3, 0.3);(-14.0, 1.0, -14.1)
(13.9, 5.6, -14.8);(0.9974003);(-1.0, -1.2, 0.5);(-14.0, 1.0, -14.1)
(13.9, 5.5, -14.7);(0.9971461);(-0.6, -1.2, 0.4);(-14.0, 1.0, -14.1)
(13.9, 5.5, -14.7);(0.9969748);(-0.7, -1.3, 0.3);(-14.0, 1.0, -14.1)
(13.9, 5.5, -14.7);(0.9972175);(-0.8, -1.4, 0.1);(-14.0, 1.0, -14.1)
(13.9, 5.5, -14.8);(0.9979432);(-1.0, -1.4, -0.2);(-14.0, 1.0, -14.1)
(13.8, 5.4, -14.8);(0.99829);(-1.4, -1.2, 0.0);(-14.0, 1.0, -14.1)
(13.8, 5.4, -14.7);(0.9979516);(-1.1, -1.1, 0.4);(-14.0, 1.0, -14.1)
(13.8, 5.4, -14.7);(0.9976791);(-0.8, -1.1, 0.3);(-14.0, 1.0, -14.1)
(13.8, 5.4, -14.7);(0.9976676);(-0.8, -1.2, 0.1);(-14.0, 1.0, -14.1)
(13.8, 5.3, -14.7);(0.9980798);(-0.8, -1.2, -0.2);(-14.0, 1.0, -14.1)
(13.7, 5.3, -14.8);(0.9983939);(-1.2, -1.1, -0.1);(-14.0, 1.0, -14.1)
(13.7, 5.3, -14.7);(0.9981101);(-1.0, -1.0, 0.2);(-14.0, 1.0, -14.1)
(13.7, 5.3, -14.7);(0.9979088);(-0.6, -1.0, 0.1);(-14.0, 1.0, -14.1)
(13.7, 5.3, -14.7);(0.9977888);(-0.7, -1.1, 0.1);(-14.0, 1.0, -14.1)
(13.7, 5.2, -14.7);(0.997918);(-0.8, -1.2, -0.1);(-14.0, 1.0, -14.1)
(13.7, 5.2, -14.8);(0.9984478);(-0.9, -1.2, -0.3);(-14.0, 1.0, -14.1)
(13.6, 5.2, -14.8);(0.9987094);(-1.2, -1.1, -0.2);(-14.0, 1.0, -14.1)
(13.6, 5.2, -14.8);(0.9983698);(-1.0, -1.1, 0.2);(-14.0, 1.0, -14.1)
(13.6, 5.1, -14.7);(0.9980303);(-0.6, -1.1, 0.1);(-14.0, 1.0, -14.1)
(13.6, 5.1, -14.7);(0.9977083);(-0.7, -1.2, 0.1);(-14.0, 1.0, -14.1)
(13.6, 5.1, -14.7);(0.9976208);(-0.7, -1.3, -0.1);(-14.0, 1.0, -14.1)
(13.6, 5.1, -14.8);(0.9979419);(-0.8, -1.4, -0.3);(-14.0, 1.0, -14.1)
(13.5, 5.0, -14.8);(0.998385);(-1.2, -1.3, -0.3);(-14.0, 1.0, -14.1)
(13.5, 5.0, -14.8);(0.998156);(-0.9, -1.2, 0.0);(-14.0, 1.0, -14.1)
(13.5, 5.0, -14.8);(0.9978688);(-0.6, -1.2, -0.1);(-14.0, 1.0, -14.1)
(13.5, 5.0, -14.8);(0.9977772);(-0.7, -1.3, -0.2);(-14.0, 1.0, -14.1)
(13.5, 4.9, -14.8);(0.9980682);(-0.8, -1.3, -0.4);(-14.0, 1.0, -14.1)
(13.5, 4.9, -14.8);(0.9985602);(-1.0, -1.2, -0.5);(-14.0, 1.0, -14.1)
(13.4, 4.9, -14.8);(0.9984573);(-1.0, -1.1, -0.1);(-14.0, 1.0, -14.1)
(13.4, 4.9, -14.8);(0.9982371);(-0.7, -1.1, -0.2);(-14.0, 1.0, -14.1)
(13.4, 4.8, -14.8);(0.9982815);(-0.8, -1.1, -0.3);(-14.0, 1.0, -14.1)
(13.4, 4.8, -14.8);(0.9987439);(-0.9, -1.1, -0.6);(-14.0, 1.0, -14.1)
(13.4, 4.8, -14.8);(0.9989163);(-1.2, -0.9, -0.4);(-14.0, 1.0, -14.1)
(13.3, 4.8, -14.8);(0.998686);(-0.9, -0.8, -0.2);(-14.0, 1.0, -14.1)
(13.3, 4.8, -14.8);(0.9984493);(-0.6, -0.8, -0.2);(-14.0, 1.0, -14.1)
(13.3, 4.8, -14.8);(0.9983383);(-0.6, -0.9, -0.3);(-14.0, 1.0, -14.1)
(13.3, 4.7, -14.9);(0.9985432);(-0.7, -0.9, -0.6);(-14.0, 1.0, -14.1)
(13.3, 4.7, -14.9);(0.9990061);(-1.0, -0.8, -0.7);(-14.0, 1.0, -14.1)
(13.3, 4.7, -14.9);(0.9989179);(-0.8, -0.7, -0.4);(-14.0, 1.0, -14.1)
(13.3, 4.7, -14.9);(0.9988718);(-0.6, -0.6, -0.5);(-14.0, 1.0, -14.1)
(13.3, 4.7, -14.9);(0.9990453);(-0.7, -0.7, -0.7);(-14.0, 1.0, -14.1)
(13.2, 4.7, -14.9);(0.9994087);(-0.9, -0.6, -0.8);(-14.0, 1.0, -14.1)
(13.2, 4.7, -14.9);(0.9994811);(-1.1, -0.5, -0.5);(-14.0, 1.0, -14.1)
(13.2, 4.7, -14.9);(0.9992936);(-0.8, -0.4, -0.3);(-14.0, 1.0, -14.1)
(13.2, 4.6, -15.0);(0.9990581);(-0.5, -0.3, -0.4);(-14.0, 1.0, -14.1)
(13.2, 4.6, -15.0);(0.9988316);(-0.6, -0.5, -0.5);(-14.0, 1.0, -14.1)
(13.2, 4.6, -15.0);(0.998869);(-0.7, -0.6, -0.7);(-14.0, 1.0, -14.1)
(13.2, 4.6, -15.0);(0.9991212);(-0.8, -0.6, -0.8);(-14.0, 1.0, -14.1)
(13.1, 4.6, -15.0);(0.9994875);(-1.2, -0.5, -0.8);(-14.0, 1.0, -14.1)
(13.1, 4.6, -15.0);(0.9993939);(-1.0, -0.5, -0.4);(-14.0, 1.0, -14.1)
(13.1, 4.6, -15.0);(0.999095);(-0.6, -0.4, -0.4);(-14.0, 1.0, -14.1)
(13.1, 4.6, -15.0);(0.9987638);(-0.6, -0.6, -0.4);(-14.0, 1.0, -14.1)
(13.1, 4.6, -15.0);(0.998499);(-0.6, -0.7, -0.5);(-14.0, 1.0, -14.1)
(13.1, 4.5, -15.1);(0.998526);(-0.7, -0.8, -0.7);(-14.0, 1.0, -14.1)
(13.1, 4.5, -15.1);(0.998957);(-0.9, -0.7, -0.9);(-14.0, 1.0, -14.1)
(13.0, 4.5, -15.1);(0.9990531);(-1.0, -0.6, -0.6);(-14.0, 1.0, -14.1)
(13.0, 4.5, -15.1);(0.9987867);(-0.6, -0.4, -0.5);(-14.0, 1.0, -14.1)
(13.0, 4.5, -15.1);(0.9985729);(-0.6, -0.5, -0.6);(-14.0, 1.0, -14.1)
(13.0, 4.5, -15.1);(0.9986904);(-0.7, -0.6, -0.9);(-14.0, 1.0, -14.1)
(13.0, 4.5, -15.2);(0.9991094);(-1.0, -0.5, -1.0);(-14.0, 1.0, -14.1)
(12.9, 4.5, -15.2);(0.999383);(-1.2, -0.3, -0.8);(-14.0, 1.0, -14.1)
(12.9, 4.5, -15.2);(0.9992665);(-0.9, -0.2, -0.6);(-14.0, 1.0, -14.1)
(12.9, 4.5, -15.2);(0.9989893);(-0.6, -0.2, -0.6);(-14.0, 1.0, -14.1)
(12.9, 4.5, -15.2);(0.9988444);(-0.7, -0.3, -0.7);(-14.0, 1.0, -14.1)
(12.9, 4.5, -15.2);(0.9989127);(-0.7, -0.4, -0.9);(-14.0, 1.0, -14.1)
(12.9, 4.4, -15.3);(0.9992483);(-0.9, -0.3, -1.1);(-14.0, 1.0, -14.1)
(12.8, 4.4, -15.3);(0.9995203);(-1.2, -0.1, -0.9);(-14.0, 1.0, -14.1)
(12.8, 4.4, -15.3);(0.9993721);(-1.0, -0.1, -0.5);(-14.0, 1.0, -14.1)
(12.8, 4.4, -15.3);(0.9990348);(-0.6, -0.1, -0.6);(-14.0, 1.0, -14.1)
(12.8, 4.4, -15.3);(0.9987698);(-0.6, -0.1, -0.7);(-14.0, 1.0, -14.1)
(12.8, 4.4, -15.3);(0.9986412);(-0.6, -0.2, -0.9);(-14.0, 1.0, -14.1)
(12.8, 4.4, -15.3);(0.9987411);(-0.7, -0.3, -1.1);(-14.0, 1.0, -14.1)
(12.8, 4.4, -15.4);(0.9991339);(-0.9, -0.2, -1.2);(-14.0, 1.0, -14.1)
(12.7, 4.4, -15.4);(0.9993823);(-1.1, -0.1, -1.0);(-14.0, 1.0, -14.1)
(12.7, 4.4, -15.4);(0.9991991);(-0.9, 0.0, -0.7);(-14.0, 1.0, -14.1)
(12.7, 4.4, -15.4);(0.9987895);(-0.6, 0.0, -0.7);(-14.0, 1.0, -14.1)
(12.7, 4.4, -15.4);(0.9983503);(-0.6, -0.1, -0.7);(-14.0, 1.0, -14.1)
(12.7, 4.4, -15.4);(0.997974);(-0.6, -0.3, -0.8);(-14.0, 1.0, -14.1)
(12.7, 4.4, -15.4);(0.9976981);(-0.6, -0.4, -0.9);(-14.0, 1.0, -14.1)
(12.7, 4.4, -15.5);(0.9977155);(-0.7, -0.5, -1.1);(-14.0, 1.0, -14.1)
(12.7, 4.4, -15.5);(0.9981198);(-0.8, -0.5, -1.2);(-14.0, 1.0, -14.1)
(12.6, 4.4, -15.5);(0.9987995);(-1.2, -0.4, -1.2);(-14.0, 1.0, -14.1)
(12.6, 4.4, -15.5);(0.9988208);(-1.1, -0.3, -0.8);(-14.0, 1.0, -14.1)
(12.6, 4.4, -15.5);(0.9984751);(-0.7, -0.3, -0.8);(-14.0, 1.0, -14.1)
(12.6, 4.4, -15.6);(0.9982243);(-0.7, -0.4, -0.9);(-14.0, 1.0, -14.1)
(12.6, 4.3, -15.6);(0.9981515);(-0.7, -0.5, -1.0);(-14.0, 1.0, -14.1)
(12.6, 4.3, -15.6);(0.9984074);(-0.8, -0.6, -1.3);(-14.0, 1.0, -14.1)
(12.5, 4.3, -15.7);(0.9988767);(-1.0, -0.4, -1.3);(-14.0, 1.0, -14.1)
(12.5, 4.3, -15.7);(0.9989687);(-1.1, -0.3, -0.9);(-14.0, 1.0, -14.1)
(12.5, 4.3, -15.7);(0.9986535);(-0.7, -0.1, -0.9);(-14.0, 1.0, -14.1)
(12.5, 4.3, -15.7);(0.9985223);(-0.7, -0.1, -1.1);(-14.0, 1.0, -14.1)
(12.5, 4.3, -15.7);(0.9985926);(-0.7, -0.2, -1.3);(-14.0, 1.0, -14.1)
(12.5, 4.3, -15.8);(0.9988979);(-0.8, -0.2, -1.5);(-14.0, 1.0, -14.1)
(12.4, 4.3, -15.8);(0.9994497);(-1.2, -0.2, -1.4);(-14.0, 1.0, -14.1)
(12.4, 4.3, -15.8);(0.9995608);(-1.1, -0.2, -1.0);(-14.0, 1.0, -14.1)
(12.4, 4.3, -15.8);(0.9993683);(-0.7, 0.0, -1.0);(-14.0, 1.0, -14.1)
(12.4, 4.3, -15.9);(0.9992092);(-0.6, 0.0, -1.2);(-14.0, 1.0, -14.1)
(12.4, 4.3, -15.9);(0.9991337);(-0.7, -0.2, -1.3);(-14.0, 1.0, -14.1)
(12.4, 4.3, -15.9);(0.9992309);(-0.8, -0.2, -1.5);(-14.0, 1.0, -14.1)
(12.3, 4.3, -16.0);(0.9996347);(-1.2, -0.2, -1.5);(-14.0, 1.0, -14.1)
(12.3, 4.3, -16.0);(0.9997663);(-1.1, -0.1, -1.1);(-14.0, 1.0, -14.1)
(12.3, 4.3, -16.0);(0.9996361);(-0.7, 0.0, -1.0);(-14.0, 1.0, -14.1)
(12.3, 4.3, -16.0);(0.9995082);(-0.7, 0.0, -1.1);(-14.0, 1.0, -14.1)
(12.3, 4.3, -16.1);(0.9993775);(-0.6, -0.1, -1.3);(-14.0, 1.0, -14.1)
(12.2, 4.3, -16.1);(0.9993362);(-0.7, -0.1, -1.4);(-14.0, 1.0, -14.1)
(12.2, 4.3, -16.1);(0.9995382);(-1.0, -0.1, -1.5);(-14.0, 1.0, -14.1)
(12.2, 4.3, -16.2);(0.9996098);(-0.9, 0.0, -1.1);(-14.0, 1.0, -14.1)
(12.2, 4.3, -16.2);(0.9993807);(-0.6, 0.1, -1.0);(-14.0, 1.0, -14.1)
(12.2, 4.3, -16.2);(0.9991435);(-0.6, 0.0, -1.1);(-14.0, 1.0, -14.1)
(12.2, 4.3, -16.2);(0.9989215);(-0.6, -0.1, -1.3);(-14.0, 1.0, -14.1)
(12.2, 4.3, -16.3);(0.9988239);(-0.8, -0.1, -1.5);(-14.0, 1.0, -14.1)
(12.1, 4.3, -16.3);(0.9991174);(-1.1, -0.1, -1.5);(-14.0, 1.0, -14.1)
(12.1, 4.3, -16.3);(0.9993197);(-1.0, -0.1, -1.1);(-14.0, 1.0, -14.1)
(12.1, 4.3, -16.3);(0.9991919);(-0.7, 0.0, -1.0);(-14.0, 1.0, -14.1)
(12.1, 4.3, -16.3);(0.9990081);(-0.7, -0.1, -1.1);(-14.0, 1.0, -14.1)
(12.1, 4.3, -16.4);(0.9988027);(-0.7, -0.3, -1.1);(-14.0, 1.0, -14.1)
(12.1, 4.3, -16.4);(0.9987022);(-0.8, -0.3, -1.4);(-14.0, 1.0, -14.1)
(12.0, 4.3, -16.4);(0.9989479);(-1.1, -0.2, -1.4);(-14.0, 1.0, -14.1)
(12.0, 4.2, -16.5);(0.9990567);(-0.9, -0.2, -1.0);(-14.0, 1.0, -14.1)
(12.0, 4.2, -16.5);(0.9988362);(-0.7, -0.1, -1.1);(-14.0, 1.0, -14.1)
(12.0, 4.2, -16.5);(0.9986104);(-0.7, -0.3, -1.2);(-14.0, 1.0, -14.1)
(12.0, 4.2, -16.5);(0.9984725);(-0.8, -0.3, -1.4);(-14.0, 1.0, -14.1)
(12.0, 4.2, -16.6);(0.9987187);(-1.1, -0.2, -1.6);(-14.0, 1.0, -14.1)
(11.9, 4.2, -16.6);(0.999148);(-1.2, 0.0, -1.3);(-14.0, 1.0, -14.1)
(11.9, 4.2, -16.6);(0.9992797);(-1.0, 0.1, -1.0);(-14.0, 1.0, -14.1)
(11.9, 4.2, -16.6);(0.9992177);(-0.8, 0.1, -1.0);(-14.0, 1.0, -14.1)
(11.9, 4.2, -16.6);(0.9990304);(-0.7, 0.0, -1.1);(-14.0, 1.0, -14.1)
(11.9, 4.2, -16.7);(0.9988315);(-0.7, -0.1, -1.2);(-14.0, 1.0, -14.1)
(11.9, 4.2, -16.7);(0.9987217);(-0.8, -0.2, -1.4);(-14.0, 1.0, -14.1)
(11.8, 4.2, -16.7);(0.9989201);(-1.0, -0.1, -1.6);(-14.0, 1.0, -14.1)
(11.8, 4.2, -16.8);(0.9992762);(-1.2, 0.1, -1.3);(-14.0, 1.0, -14.1)
(11.8, 4.2, -16.8);(0.9993499);(-1.0, 0.2, -1.0);(-14.0, 1.0, -14.1)
(11.8, 4.2, -16.8);(0.9991131);(-0.7, 0.2, -1.0);(-14.0, 1.0, -14.1)
(11.8, 4.2, -16.8);(0.9988233);(-0.7, 0.1, -1.1);(-14.0, 1.0, -14.1)
(11.8, 4.2, -16.8);(0.9985824);(-0.7, 0.0, -1.2);(-14.0, 1.0, -14.1)
(11.7, 4.2, -16.8);(0.998386);(-0.8, -0.2, -1.3);(-14.0, 1.0, -14.1)
(11.7, 4.2, -16.9);(0.9983597);(-0.8, -0.2, -1.6);(-14.0, 1.0, -14.1)
(11.7, 4.2, -16.9);(0.9986722);(-1.1, -0.2, -1.6);(-14.0, 1.0, -14.1)
(11.7, 4.2, -17.0);(0.9990681);(-1.2, 0.0, -1.3);(-14.0, 1.0, -14.1)
(11.6, 4.2, -17.0);(0.9991868);(-1.1, 0.1, -1.0);(-14.0, 1.0, -14.1)
(11.6, 4.2, -17.0);(0.9989321);(-0.8, 0.0, -1.0);(-14.0, 1.0, -14.1)
(11.6, 4.2, -17.0);(0.998602);(-0.8, -0.1, -1.0);(-14.0, 1.0, -14.1)
(11.6, 4.2, -17.0);(0.9982455);(-0.8, -0.2, -1.1);(-14.0, 1.0, -14.1)
(11.6, 4.2, -17.0);(0.9980226);(-0.8, -0.3, -1.3);(-14.0, 1.0, -14.1)
(11.6, 4.2, -17.1);(0.9980972);(-0.9, -0.3, -1.5);(-14.0, 1.0, -14.1)
(11.6, 4.2, -17.1);(0.9985793);(-1.1, -0.3, -1.7);(-14.0, 1.0, -14.1)
(11.5, 4.2, -17.1);(0.9991667);(-1.4, -0.1, -1.4);(-14.0, 1.0, -14.1)
(11.5, 4.2, -17.1);(0.9992838);(-1.2, 0.0, -1.1);(-14.0, 1.0, -14.1)
(11.5, 4.2, -17.2);(0.9990299);(-0.9, 0.1, -1.1);(-14.0, 1.0, -14.1)
(11.5, 4.2, -17.2);(0.9986586);(-0.7, 0.0, -1.2);(-14.0, 1.0, -14.1)
(11.4, 4.2, -17.2);(0.9982935);(-0.7, -0.1, -1.3);(-14.0, 1.0, -14.1)
(11.4, 4.2, -17.2);(0.9980929);(-0.8, -0.2, -1.4);(-14.0, 1.0, -14.1)
(11.4, 4.2, -17.3);(0.998192);(-0.8, -0.3, -1.7);(-14.0, 1.0, -14.1)
(11.4, 4.2, -17.3);(0.998708);(-1.1, -0.2, -1.9);(-14.0, 1.0, -14.1)
(11.4, 4.2, -17.4);(0.9993122);(-1.4, 0.0, -1.6);(-14.0, 1.0, -14.1)
(11.3, 4.2, -17.4);(0.9995345);(-1.3, 0.0, -1.2);(-14.0, 1.0, -14.1)
(11.3, 4.2, -17.4);(0.9993706);(-0.9, 0.1, -1.1);(-14.0, 1.0, -14.1)
(11.3, 4.2, -17.4);(0.9990184);(-0.7, 0.1, -1.2);(-14.0, 1.0, -14.1)
(11.3, 4.2, -17.4);(0.9986466);(-0.7, -0.1, -1.3);(-14.0, 1.0, -14.1)
(11.3, 4.2, -17.5);(0.9983829);(-0.8, -0.2, -1.4);(-14.0, 1.0, -14.1)
(11.3, 4.2, -17.5);(0.9984105);(-0.9, -0.2, -1.6);(-14.0, 1.0, -14.1)
(11.2, 4.2, -17.6);(0.9987423);(-1.0, -0.2, -1.9);(-14.0, 1.0, -14.1)
(11.2, 4.2, -17.6);(0.9993856);(-1.4, -0.2, -2.0);(-14.0, 1.0, -14.1)
(11.2, 4.2, -17.6);(0.9996646);(-1.3, -0.1, -1.6);(-14.0, 1.0, -14.1)
(11.1, 4.2, -17.7);(0.9997404);(-1.1, 0.0, -1.2);(-14.0, 1.0, -14.1)
(11.1, 4.2, -17.7);(0.9995375);(-0.8, 0.0, -1.2);(-14.0, 1.0, -14.1)
(11.1, 4.2, -17.7);(0.9992083);(-0.7, -0.1, -1.2);(-14.0, 1.0, -14.1)
(11.1, 4.2, -17.7);(0.9988765);(-0.7, -0.2, -1.3);(-14.0, 1.0, -14.1)
(11.1, 4.2, -17.7);(0.9985247);(-0.7, -0.4, -1.4);(-14.0, 1.0, -14.1)
(11.1, 4.1, -17.8);(0.9982505);(-0.8, -0.5, -1.5);(-14.0, 1.0, -14.1)
(11.1, 4.1, -17.8);(0.9981846);(-0.8, -0.6, -1.7);(-14.0, 1.0, -14.1)
(11.1, 4.1, -17.9);(0.9984395);(-1.0, -0.6, -2.0);(-14.0, 1.0, -14.1)
(11.0, 4.1, -17.9);(0.9990729);(-1.4, -0.5, -2.0);(-14.0, 1.0, -14.1)
(11.0, 4.1, -18.0);(0.999388);(-1.3, -0.5, -1.6);(-14.0, 1.0, -14.1)
(11.0, 4.1, -18.0);(0.9995301);(-1.1, -0.3, -1.3);(-14.0, 1.0, -14.1)
(10.9, 4.1, -18.0);(0.9992449);(-0.7, -0.3, -1.2);(-14.0, 1.0, -14.1)
(10.9, 4.1, -18.0);(0.9988926);(-0.7, -0.4, -1.3);(-14.0, 1.0, -14.1)
(10.9, 4.1, -18.0);(0.9985666);(-0.8, -0.5, -1.5);(-14.0, 1.0, -14.1)
(10.9, 4.1, -18.1);(0.9983558);(-0.8, -0.6, -1.6);(-14.0, 1.0, -14.1)
(10.9, 4.0, -18.1);(0.9982445);(-0.9, -0.7, -1.8);(-14.0, 1.0, -14.1)
(10.9, 4.0, -18.2);(0.9985633);(-1.2, -0.6, -2.0);(-14.0, 1.0, -14.1)
(10.8, 4.0, -18.2);(0.9990738);(-1.5, -0.4, -1.7);(-14.0, 1.0, -14.1)
(10.8, 4.0, -18.2);(0.9994702);(-1.3, -0.3, -1.3);(-14.0, 1.0, -14.1)
(10.8, 4.0, -18.2);(0.9994834);(-1.0, -0.2, -1.2);(-14.0, 1.0, -14.1)
(10.8, 4.0, -18.3);(0.9991595);(-0.7, -0.2, -1.2);(-14.0, 1.0, -14.1)
(10.8, 4.0, -18.3);(0.9986988);(-0.7, -0.4, -1.2);(-14.0, 1.0, -14.1)
(10.8, 4.0, -18.3);(0.9981539);(-0.7, -0.6, -1.3);(-14.0, 1.0, -14.1)
(10.8, 4.0, -18.3);(0.9975648);(-0.7, -0.7, -1.3);(-14.0, 1.0, -14.1)
(10.7, 4.0, -18.3);(0.9969438);(-0.8, -0.9, -1.3);(-14.0, 1.0, -14.1)
(10.7, 3.9, -18.4);(0.9965003);(-0.8, -1.0, -1.5);(-14.0, 1.0, -14.1)
(10.7, 3.9, -18.4);(0.9962991);(-0.8, -1.1, -1.7);(-14.0, 1.0, -14.1)
(10.7, 3.9, -18.4);(0.9964339);(-0.9, -1.2, -1.9);(-14.0, 1.0, -14.1)
(10.7, 3.9, -18.5);(0.9972784);(-1.3, -1.1, -2.1);(-14.0, 1.0, -14.1)
(10.6, 3.9, -18.5);(0.9983342);(-1.6, -0.9, -1.8);(-14.0, 1.0, -14.1)
(10.6, 3.8, -18.6);(0.9989597);(-1.5, -0.9, -1.4);(-14.0, 1.0, -14.1)
(10.6, 3.8, -18.6);(0.9990065);(-1.2, -0.7, -1.3);(-14.0, 1.0, -14.1)
(10.5, 3.8, -18.6);(0.9985176);(-0.8, -0.7, -1.2);(-14.0, 1.0, -14.1)
(10.5, 3.8, -18.6);(0.9980052);(-0.8, -0.8, -1.3);(-14.0, 1.0, -14.1)
(10.5, 3.8, -18.6);(0.9975534);(-0.8, -0.9, -1.5);(-14.0, 1.0, -14.1)
(10.5, 3.8, -18.7);(0.9971908);(-0.9, -1.1, -1.6);(-14.0, 1.0, -14.1)
(10.5, 3.7, -18.7);(0.9970584);(-0.9, -1.1, -1.7);(-14.0, 1.0, -14.1)
(10.5, 3.7, -18.8);(0.9973271);(-1.0, -1.1, -2.1);(-14.0, 1.0, -14.1)
(10.4, 3.7, -18.8);(0.9981865);(-1.5, -1.1, -2.2);(-14.0, 1.0, -14.1)
(10.4, 3.7, -18.9);(0.9987959);(-1.5, -1.0, -1.8);(-14.0, 1.0, -14.1)
(10.4, 3.6, -18.9);(0.9991525);(-1.4, -0.9, -1.4);(-14.0, 1.0, -14.1)
(10.3, 3.6, -18.9);(0.9989455);(-1.0, -0.8, -1.3);(-14.0, 1.0, -14.1)
(10.3, 3.6, -18.9);(0.9985908);(-0.9, -0.8, -1.4);(-14.0, 1.0, -14.1)
(10.3, 3.6, -19.0);(0.9983125);(-0.9, -1.0, -1.5);(-14.0, 1.0, -14.1)
(10.3, 3.6, -19.0);(0.9982078);(-1.0, -1.0, -1.8);(-14.0, 1.0, -14.1)
(10.3, 3.6, -19.1);(0.9983993);(-1.1, -0.9, -2.1);(-14.0, 1.0, -14.1)
(10.2, 3.5, -19.1);(0.9989711);(-1.5, -0.9, -2.2);(-14.0, 1.0, -14.1)
(10.2, 3.5, -19.2);(0.9993067);(-1.5, -0.9, -1.8);(-14.0, 1.0, -14.1)
(10.2, 3.5, -19.2);(0.9995947);(-1.4, -0.8, -1.4);(-14.0, 1.0, -14.1)
(10.1, 3.5, -19.2);(0.9995376);(-1.0, -0.8, -1.3);(-14.0, 1.0, -14.1)
(10.1, 3.5, -19.2);(0.9993299);(-0.9, -0.8, -1.4);(-14.0, 1.0, -14.1)
(10.1, 3.5, -19.2);(0.9991337);(-0.9, -0.9, -1.6);(-14.0, 1.0, -14.1)
(10.1, 3.4, -19.3);(0.9990357);(-1.0, -0.9, -1.8);(-14.0, 1.0, -14.1)
(10.1, 3.4, -19.3);(0.9990913);(-1.2, -0.8, -2.2);(-14.0, 1.0, -14.1)
(10.0, 3.4, -19.4);(0.9993099);(-1.6, -0.8, -2.2);(-14.0, 1.0, -14.1)
(10.0, 3.4, -19.4);(0.9994622);(-1.5, -0.7, -1.8);(-14.0, 1.0, -14.1)
(9.9, 3.4, -19.5);(0.9997469);(-1.4, -0.6, -1.4);(-14.0, 1.0, -14.1)
(9.9, 3.4, -19.5);(0.9998747);(-1.0, -0.6, -1.3);(-14.0, 1.0, -14.1)
(9.9, 3.4, -19.5);(0.9998025);(-0.8, -0.6, -1.3);(-14.0, 1.0, -14.1)
(9.9, 3.3, -19.5);(0.9995959);(-0.8, -0.7, -1.5);(-14.0, 1.0, -14.1)
(9.9, 3.3, -19.6);(0.9993473);(-0.8, -0.8, -1.6);(-14.0, 1.0, -14.1)
(9.9, 3.3, -19.6);(0.9991101);(-0.9, -0.8, -1.9);(-14.0, 1.0, -14.1)
(9.9, 3.3, -19.7);(0.998906);(-1.1, -0.7, -2.2);(-14.0, 1.0, -14.1)
(9.8, 3.3, -19.7);(0.998877);(-1.5, -0.6, -2.2);(-14.0, 1.0, -14.1)
(9.8, 3.3, -19.8);(0.9989688);(-1.4, -0.6, -1.8);(-14.0, 1.0, -14.1)
(9.8, 3.3, -19.8);(0.9993687);(-1.4, -0.6, -1.3);(-14.0, 1.0, -14.1)
(9.7, 3.3, -19.8);(0.9995757);(-0.9, -0.5, -1.3);(-14.0, 1.0, -14.1)
(9.7, 3.2, -19.8);(0.9995153);(-0.8, -0.5, -1.3);(-14.0, 1.0, -14.1)
(9.7, 3.2, -19.8);(0.9993153);(-0.8, -0.6, -1.4);(-14.0, 1.0, -14.1)
(9.7, 3.2, -19.9);(0.9990215);(-0.8, -0.8, -1.5);(-14.0, 1.0, -14.1)
(9.7, 3.2, -19.9);(0.9986763);(-0.8, -0.9, -1.6);(-14.0, 1.0, -14.1)
(9.7, 3.2, -19.9);(0.9983014);(-0.9, -0.9, -1.9);(-14.0, 1.0, -14.1)
(9.7, 3.2, -20.0);(0.9978659);(-1.0, -0.8, -2.3);(-14.0, 1.0, -14.1)
(9.6, 3.1, -20.1);(0.9976615);(-1.5, -0.8, -2.3);(-14.0, 1.0, -14.1)
(9.6, 3.1, -20.1);(0.9976686);(-1.4, -0.7, -1.9);(-14.0, 1.0, -14.1)
(9.6, 3.1, -20.1);(0.9981536);(-1.4, -0.7, -1.4);(-14.0, 1.0, -14.1)
(9.6, 3.1, -20.2);(0.9985175);(-1.0, -0.5, -1.3);(-14.0, 1.0, -14.1)
(9.5, 3.1, -20.2);(0.9985408);(-0.9, -0.5, -1.4);(-14.0, 1.0, -14.1)
(9.5, 3.1, -20.2);(0.9983704);(-0.9, -0.6, -1.5);(-14.0, 1.0, -14.1)
(9.5, 3.1, -20.3);(0.9978732);(-0.9, -0.6, -1.9);(-14.0, 1.0, -14.1)
(9.5, 3.1, -20.3);(0.9974172);(-1.3, -0.4, -2.0);(-14.0, 1.0, -14.1)
(9.4, 3.1, -20.4);(0.9971268);(-1.7, -0.4, -2.0);(-14.0, 1.0, -14.1)
(9.4, 3.1, -20.4);(0.9973171);(-1.6, -0.3, -1.6);(-14.0, 1.0, -14.1)
(9.3, 3.0, -20.4);(0.9980386);(-1.5, -0.3, -1.1);(-14.0, 1.0, -14.1)
(9.3, 3.0, -20.4);(0.9987356);(-1.1, -0.2, -1.0);(-14.0, 1.0, -14.1)
(9.3, 3.0, -20.4);(0.9993016);(-0.8, -0.2, -1.0);(-14.0, 1.0, -14.1)
(9.3, 3.0, -20.4);(0.9996041);(-0.8, -0.4, -1.0);(-14.0, 1.0, -14.1)
(9.3, 3.0, -20.4);(0.9996019);(-0.8, -0.5, -1.1);(-14.0, 1.0, -14.1)
(9.3, 3.0, -20.5);(0.9994256);(-0.8, -0.6, -1.3);(-14.0, 1.0, -14.1)
(9.3, 3.0, -20.5);(0.9991781);(-0.8, -0.7, -1.4);(-14.0, 1.0, -14.1)
(9.3, 3.0, -20.5);(0.9988997);(-0.8, -0.8, -1.6);(-14.0, 1.0, -14.1)
(9.3, 3.0, -20.6);(0.9985205);(-0.9, -0.7, -2.0);(-14.0, 1.0, -14.1)
(9.2, 2.9, -20.6);(0.9983968);(-1.4, -0.7, -2.1);(-14.0, 1.0, -14.1)
(9.2, 2.9, -20.7);(0.998492);(-1.6, -0.5, -1.8);(-14.0, 1.0, -14.1)
(9.1, 2.9, -20.7);(0.9988546);(-1.6, -0.5, -1.4);(-14.0, 1.0, -14.1)
(9.1, 2.9, -20.7);(0.9992505);(-1.3, -0.4, -1.1);(-14.0, 1.0, -14.1)
(9.1, 2.9, -20.7);(0.9995435);(-0.9, -0.3, -1.1);(-14.0, 1.0, -14.1)
(9.1, 2.9, -20.7);(0.9996442);(-0.8, -0.4, -1.1);(-14.0, 1.0, -14.1)
(9.1, 2.9, -20.8);(0.9995156);(-0.7, -0.4, -1.3);(-14.0, 1.0, -14.1)
(9.1, 2.9, -20.8);(0.9992818);(-0.8, -0.6, -1.4);(-14.0, 1.0, -14.1)
(9.1, 2.9, -20.8);(0.9989281);(-0.8, -0.6, -1.7);(-14.0, 1.0, -14.1)
(9.0, 2.9, -20.9);(0.998514);(-1.0, -0.5, -1.9);(-14.0, 1.0, -14.1)
(9.0, 2.9, -20.9);(0.9982377);(-1.4, -0.4, -2.0);(-14.0, 1.0, -14.1)
(9.0, 2.8, -21.0);(0.9982734);(-1.4, -0.4, -1.6);(-14.0, 1.0, -14.1)
(8.9, 2.8, -21.0);(0.9987917);(-1.4, -0.3, -1.1);(-14.0, 1.0, -14.1)
(8.9, 2.8, -21.0);(0.9992158);(-1.0, -0.3, -1.0);(-14.0, 1.0, -14.1)
(8.9, 2.8, -21.0);(0.9993387);(-0.7, -0.2, -1.0);(-14.0, 1.0, -14.1)
(8.9, 2.8, -21.0);(0.9992356);(-0.7, -0.3, -1.2);(-14.0, 1.0, -14.1)
(8.9, 2.8, -21.1);(0.9989932);(-0.8, -0.4, -1.3);(-14.0, 1.0, -14.1)
(8.9, 2.8, -21.1);(0.9986088);(-0.8, -0.5, -1.6);(-14.0, 1.0, -14.1)
(8.9, 2.8, -21.2);(0.9979027);(-0.9, -0.4, -2.0);(-14.0, 1.0, -14.1)
(8.8, 2.8, -21.2);(0.9973776);(-1.3, -0.4, -2.0);(-14.0, 1.0, -14.1)
(8.8, 2.8, -21.3);(0.9970447);(-1.7, -0.3, -1.9);(-14.0, 1.0, -14.1)
(8.7, 2.8, -21.3);(0.9971562);(-1.6, -0.2, -1.4);(-14.0, 1.0, -14.1)
(8.7, 2.8, -21.3);(0.997875);(-1.5, -0.2, -1.0);(-14.0, 1.0, -14.1)
(8.7, 2.8, -21.3);(0.9986174);(-1.1, -0.1, -0.9);(-14.0, 1.0, -14.1)
