(2.0, 36.7, 17.2);(0.727455);(0.1, -5.1, 0.0);(13.0, 1.0, -10.7)
(2.0, 36.6, 17.2);(0.7274934);(0.1, -5.3, 0.0);(13.0, 1.0, -10.7)
(2.0, 36.5, 17.2);(0.7275225);(0.1, -5.4, 0.0);(13.0, 1.0, -10.7)
(2.0, 36.4, 17.2);(0.7275422);(0.1, -5.6, 0.0);(13.0, 1.0, -10.7)
(2.0, 36.3, 17.2);(0.7275525);(0.1, -5.8, 0.0);(13.0, 1.0, -10.7)
(2.0, 36.2, 17.2);(0.7275536);(0.1, -6.0, 0.0);(13.0, 1.0, -10.7)
(2.0, 36.1, 17.2);(0.7275455);(0.1, -6.2, 0.0);(13.0, 1.0, -10.7)
(2.1, 35.9, 17.2);(0.7275282);(0.1, -6.4, 0.0);(13.0, 1.0, -10.7)
(2.1, 35.8, 17.2);(0.7275017);(0.1, -6.5, 0.0);(13.0, 1.0, -10.7)
(2.1, 35.7, 17.2);(0.7274663);(0.1, -6.7, 0.0);(13.0, 1.0, -10.7)
(2.1, 35.5, 17.2);(0.7274219);(0.1, -6.9, 0.0);(13.0, 1.0, -10.7)
(2.1, 35.4, 17.2);(0.7273685);(0.1, -7.1, 0.0);(13.0, 1.0, -10.7)
(2.1, 35.2, 17.2);(0.7273062);(0.1, -7.3, 0.0);(13.0, 1.0, -10.7)
(2.1, 35.1, 17.2);(0.7272352);(0.1, -7.5, 0.0);(13.0, 1.0, -10.7)
(2.1, 34.9, 17.2);(0.7271553);(0.1, -7.6, 0.0);(13.0, 1.0, -10.7)
(2.1, 34.8, 17.2);(0.7270667);(0.1, -7.8, 0.0);(13.0, 1.0, -10.7)
(2.1, 34.6, 17.2);(0.7269694);(0.1, -8.0, 0.0);(13.0, 1.0, -10.7)
(2.1, 34.5, 17.2);(0.7268635);(0.1, -8.2, 0.0);(13.0, 1.0, -10.7)
(2.1, 34.3, 17.2);(0.7267491);(0.1, -8.4, 0.0);(13.0, 1.0, -10.7)
(2.1, 34.1, 17.2);(0.7266262);(0.1, -8.5, 0.0);(13.0, 1.0, -10.7)
(2.1, 33.9, 17.2);(0.7264947);(0.1, -8.7, 0.0);(13.0, 1.0, -10.7)
(2.1, 33.8, 17.2);(0.726355);(0.1, -8.9, 0.0);(13.0, 1.0, -10.7)
(2.1, 33.6, 17.2);(0.7262068);(0.1, -9.1, 0.0);(13.0, 1.0, -10.7)
(2.1, 33.4, 17.2);(0.7260503);(0.1, -9.2, 0.0);(13.0, 1.0, -10.7)
(2.1, 33.2, 17.2);(0.7258857);(0.1, -9.4, 0.0);(13.0, 1.0, -10.7)
(2.1, 33.0, 17.2);(0.7257128);(0.1, -9.6, 0.0);(13.0, 1.0, -10.7)
(2.2, 32.8, 17.2);(0.7255318);(0.1, -9.8, 0.0);(13.0, 1.0, -10.7)
(2.2, 32.6, 17.2);(0.7253428);(0.1, -10.0, 0.0);(13.0, 1.0, -10.7)
(2.2, 32.4, 17.2);(0.7251456);(0.1, -10.1, 0.0);(13.0, 1.0, -10.7)
(2.2, 32.2, 17.2);(0.7249404);(0.1, -10.3, 0.0);(13.0, 1.0, -10.7)
(2.2, 32.0, 17.2);(0.7247274);(0.1, -10.5, 0.0);(13.0, 1.0, -10.7)
(2.2, 31.8, 17.2);(0.7245065);(0.1, -10.7, 0.0);(13.0, 1.0, -10.7)
(2.2, 31.6, 17.2);(0.7242778);(0.1, -10.8, 0.0);(13.0, 1.0, -10.7)
(2.2, 31.4, 17.2);(0.7240412);(0.1, -11.0, 0.0);(13.0, 1.0, -10.7)
(2.2, 31.1, 17.2);(0.7237971);(0.1, -11.2, 0.0);(13.0, 1.0, -10.7)
(2.2, 30.9, 17.2);(0.7235451);(0.1, -11.4, 0.0);(13.0, 1.0, -10.7)
(2.2, 30.7, 17.2);(0.7232856);(0.1, -11.5, 0.0);(13.0, 1.0, -10.7)
(2.2, 30.4, 17.2);(0.7230185);(0.1, -11.7, 0.0);(13.0, 1.0, -10.7)
(2.2, 30.2, 17.2);(0.7227439);(0.1, -11.9, 0.0);(13.0, 1.0, -10.7)
(2.2, 30.0, 17.2);(0.7224618);(0.1, -12.0, 0.0);(13.0, 1.0, -10.7)
(2.2, 29.7, 17.2);(0.7221723);(0.1, -12.2, 0.0);(13.0, 1.0, -10.7)
(2.2, 29.5, 17.2);(0.7218754);(0.1, -12.4, 0.0);(13.0, 1.0, -10.7)
(2.2, 29.2, 17.2);(0.7215713);(0.1, -12.6, 0.0);(13.0, 1.0, -10.7)
(2.2, 29.0, 17.2);(0.7220609);(0.1, -12.7, -0.1);(13.0, 1.0, -10.7)
(2.2, 28.7, 17.2);(0.7225569);(0.1, -12.9, -0.1);(13.0, 1.0, -10.7)
(2.2, 28.5, 17.2);(0.7230475);(0.1, -13.1, -0.1);(13.0, 1.0, -10.7)
(2.3, 28.2, 17.2);(0.724127);(0.0, -13.2, -0.1);(13.0, 1.0, -10.7)
(2.3, 27.9, 17.2);(0.7254974);(0.0, -13.4, -0.1);(13.0, 1.0, -10.7)
(2.3, 27.6, 17.1);(0.7287078);(0.0, -13.6, -0.3);(13.0, 1.0, -10.7)
(2.2, 27.4, 17.1);(0.7348754);(-0.2, -13.8, -0.4);(13.0, 1.0, -10.7)
(2.2, 27.1, 17.1);(0.7435143);(-0.3, -14.0, -0.6);(13.0, 1.0, -10.7)
(2.2, 26.8, 17.1);(0.7544881);(-0.4, -14.1, -0.7);(13.0, 1.0, -10.7)
(2.2, 26.5, 17.0);(0.7685443);(-0.4, -14.3, -1.0);(13.0, 1.0, -10.7)
(2.2, 26.2, 17.0);(0.7852609);(-0.5, -14.4, -1.3);(13.0, 1.0, -10.7)
(2.1, 25.8, 16.9);(0.8052757);(-0.5, -14.5, -1.7);(13.0, 1.0, -10.7)
(2.1, 25.5, 16.9);(0.8271827);(-0.6, -14.7, -1.9);(13.0, 1.0, -10.7)
(2.1, 25.2, 16.8);(0.8506305);(-0.5, -14.6, -2.4);(13.0, 1.0, -10.7)
(2.1, 24.9, 16.7);(0.8743814);(-0.6, -14.7, -2.6);(13.0, 1.0, -10.7)
(2.1, 24.5, 16.6);(0.8988349);(-0.6, -14.7, -3.0);(13.0, 1.0, -10.7)
(2.0, 24.2, 16.4);(0.9220411);(-0.6, -14.7, -3.2);(13.0, 1.0, -10.7)
(2.0, 23.9, 16.3);(0.9433094);(-0.7, -14.5, -3.5);(13.0, 1.0, -10.7)
(2.0, 23.6, 16.1);(0.9622326);(-0.8, -14.4, -3.8);(13.0, 1.0, -10.7)
(2.0, 23.3, 16.0);(0.9778193);(-0.8, -14.2, -4.0);(13.0, 1.0, -10.7)
(1.9, 23.0, 15.8);(0.9888349);(-0.7, -14.1, -4.1);(13.0, 1.0, -10.7)
(1.9, 22.7, 15.7);(0.9955579);(-0.9, -14.0, -4.2);(13.0, 1.0, -10.7)
(1.9, 22.4, 15.5);(0.9974008);(-0.8, -13.9, -4.0);(13.0, 1.0, -10.7)
(1.8, 22.1, 15.3);(0.9951814);(-0.9, -13.9, -4.0);(13.0, 1.0, -10.7)
(1.8, 21.9, 15.2);(0.9897792);(-0.9, -13.8, -3.7);(13.0, 1.0, -10.7)
(1.8, 21.6, 15.1);(0.9820254);(-0.9, -13.8, -3.5);(13.0, 1.0, -10.7)
(1.8, 21.3, 14.9);(0.9724457);(-1.0, -13.9, -3.3);(13.0, 1.0, -10.7)
(1.7, 21.0, 14.8);(0.9616061);(-1.0, -14.0, -3.2);(13.0, 1.0, -10.7)
(1.7, 20.8, 14.7);(0.9500802);(-0.9, -14.0, -3.0);(13.0, 1.0, -10.7)
(1.6, 20.5, 14.6);(0.9385328);(-1.0, -14.1, -2.8);(13.0, 1.0, -10.7)
(1.6, 20.2, 14.5);(0.9270176);(-0.9, -14.2, -2.6);(13.0, 1.0, -10.7)
(1.6, 20.0, 14.4);(0.9164957);(-1.0, -14.2, -2.3);(13.0, 1.0, -10.7)
(1.6, 19.7, 14.4);(0.9072524);(-0.9, -14.3, -2.1);(13.0, 1.0, -10.7)
(1.5, 19.4, 14.3);(0.8986863);(-0.9, -14.5, -2.0);(13.0, 1.0, -10.7)
(1.5, 19.1, 14.3);(0.8928903);(-0.8, -14.5, -1.6);(13.0, 1.0, -10.7)
(1.5, 18.8, 14.2);(0.8905508);(-0.8, -14.6, -1.3);(13.0, 1.0, -10.7)
(1.5, 18.5, 14.2);(0.8912512);(-0.7, -14.6, -0.9);(13.0, 1.0, -10.7)
(1.4, 18.3, 14.2);(0.8956261);(-0.5, -14.6, -0.5);(13.0, 1.0, -10.7)
(1.4, 18.0, 14.2);(0.8984509);(-0.4, -14.3, -0.5);(13.0, 1.0, -10.7)
(1.4, 17.7, 14.2);(0.8995407);(-0.5, -14.2, -0.5);(13.0, 1.0, -10.7)
(1.4, 17.4, 14.2);(0.9017867);(-0.6, -14.0, -0.2);(13.0, 1.0, -10.7)
(1.4, 17.1, 14.2);(0.9050319);(-0.3, -13.8, 0.0);(13.0, 1.0, -10.7)
(1.4, 16.8, 14.2);(0.9072898);(-0.3, -13.6, 0.1);(13.0, 1.0, -10.7)
(1.4, 16.6, 14.3);(0.9099267);(-0.3, -13.5, 0.3);(13.0, 1.0, -10.7)
(1.4, 16.3, 14.3);(0.9139084);(-0.4, -13.3, 0.6);(13.0, 1.0, -10.7)
(1.4, 16.0, 14.3);(0.9168503);(-0.2, -13.0, 0.6);(13.0, 1.0, -10.7)
(1.4, 15.8, 14.3);(0.9203181);(-0.2, -12.8, 0.8);(13.0, 1.0, -10.7)
(1.4, 15.5, 14.4);(0.9238544);(-0.2, -12.6, 1.0);(13.0, 1.0, -10.7)
(1.4, 15.3, 14.4);(0.9267932);(-0.2, -12.3, 1.1);(13.0, 1.0, -10.7)
(1.4, 15.0, 14.4);(0.9307358);(0.0, -12.2, 1.3);(13.0, 1.0, -10.7)
(1.3, 14.8, 14.5);(0.93402);(-0.1, -12.0, 1.4);(13.0, 1.0, -10.7)
(1.3, 14.5, 14.5);(0.9368151);(-0.2, -11.8, 1.5);(13.0, 1.0, -10.7)
(1.3, 14.3, 14.6);(0.9409869);(0.1, -11.6, 1.7);(13.0, 1.0, -10.7)
(1.3, 14.1, 14.6);(0.9440009);(0.0, -11.6, 1.7);(13.0, 1.0, -10.7)
(1.3, 13.8, 14.6);(0.9477855);(0.1, -11.4, 1.9);(13.0, 1.0, -10.7)
(1.4, 13.6, 14.7);(0.9505187);(0.3, -11.2, 1.8);(13.0, 1.0, -10.7)
(1.4, 13.4, 14.7);(0.9529009);(0.1, -11.2, 1.9);(13.0, 1.0, -10.7)
(1.4, 13.2, 14.8);(0.9558017);(0.0, -11.1, 2.1);(13.0, 1.0, -10.7)
(1.4, 12.9, 14.8);(0.9590941);(0.3, -10.9, 2.1);(13.0, 1.0, -10.7)
(1.4, 12.7, 14.9);(0.9607278);(0.2, -10.8, 2.0);(13.0, 1.0, -10.7)
(1.4, 12.5, 15.0);(0.9633784);(0.3, -10.6, 2.2);(13.0, 1.0, -10.7)
(1.4, 12.3, 15.0);(0.9659045);(0.2, -10.5, 2.3);(13.0, 1.0, -10.7)
(1.4, 12.1, 15.1);(0.9682525);(0.5, -10.3, 2.3);(13.0, 1.0, -10.7)
(1.4, 11.9, 15.1);(0.9699558);(0.4, -10.2, 2.3);(13.0, 1.0, -10.7)
(1.4, 11.7, 15.2);(0.9725167);(0.3, -10.1, 2.6);(13.0, 1.0, -10.7)
(1.4, 11.5, 15.2);(0.9748397);(0.5, -9.8, 2.5);(13.0, 1.0, -10.7)
(1.4, 11.3, 15.3);(0.9764223);(0.4, -9.6, 2.5);(13.0, 1.0, -10.7)
(1.4, 11.1, 15.4);(0.9789293);(0.4, -9.4, 2.8);(13.0, 1.0, -10.7)
(1.5, 10.9, 15.4);(0.981269);(0.7, -9.2, 2.7);(13.0, 1.0, -10.7)
(1.5, 10.7, 15.5);(0.982706);(0.7, -9.2, 2.6);(13.0, 1.0, -10.7)
(1.5, 10.5, 15.6);(0.9840418);(0.6, -9.2, 2.7);(13.0, 1.0, -10.7)
(1.5, 10.4, 15.6);(0.9858747);(0.5, -9.1, 2.9);(13.0, 1.0, -10.7)
(1.5, 10.2, 15.7);(0.9872267);(0.7, -8.9, 2.8);(13.0, 1.0, -10.7)
(1.5, 10.0, 15.8);(0.9880868);(0.5, -8.8, 2.8);(13.0, 1.0, -10.7)
(1.5, 9.8, 15.8);(0.9893);(0.4, -8.6, 3.0);(13.0, 1.0, -10.7)
(1.5, 9.6, 15.9);(0.9907652);(0.8, -8.5, 2.9);(13.0, 1.0, -10.7)
(1.6, 9.5, 16.0);(0.9914606);(0.7, -8.4, 2.8);(13.0, 1.0, -10.7)
(1.6, 9.3, 16.1);(0.9923861);(0.5, -8.2, 3.0);(13.0, 1.0, -10.7)
(1.6, 9.2, 16.1);(0.9936073);(0.9, -8.1, 3.0);(13.0, 1.0, -10.7)
(1.6, 9.0, 16.2);(0.9942094);(0.8, -8.0, 2.8);(13.0, 1.0, -10.7)
(1.6, 8.8, 16.3);(0.9949949);(0.7, -7.9, 3.0);(13.0, 1.0, -10.7)
(1.6, 8.7, 16.3);(0.9956408);(0.8, -7.7, 2.9);(13.0, 1.0, -10.7)
(1.7, 8.5, 16.4);(0.9965032);(0.9, -7.6, 3.0);(13.0, 1.0, -10.7)
(1.7, 8.4, 16.5);(0.9969267);(0.8, -7.6, 2.9);(13.0, 1.0, -10.7)
(1.7, 8.2, 16.5);(0.9972444);(0.6, -7.4, 3.1);(13.0, 1.0, -10.7)
(1.7, 8.1, 16.6);(0.9978109);(0.9, -7.2, 3.0);(13.0, 1.0, -10.7)
(1.7, 7.9, 16.7);(0.9981503);(1.0, -7.2, 2.8);(13.0, 1.0, -10.7)
(1.8, 7.8, 16.7);(0.9983233);(0.8, -7.1, 2.9);(13.0, 1.0, -10.7)
(1.8, 7.7, 16.8);(0.9984879);(0.8, -6.8, 3.0);(13.0, 1.0, -10.7)
(1.8, 7.5, 16.9);(0.9987296);(1.0, -6.7, 2.9);(13.0, 1.0, -10.7)
(1.8, 7.4, 16.9);(0.9987472);(0.9, -6.6, 2.8);(13.0, 1.0, -10.7)
(1.8, 7.3, 17.0);(0.9987893);(1.0, -6.5, 3.0);(13.0, 1.0, -10.7)
(1.9, 7.1, 17.1);(0.9989137);(1.1, -6.5, 2.8);(13.0, 1.0, -10.7)
(1.9, 7.0, 17.1);(0.9989054);(1.0, -6.5, 2.7);(13.0, 1.0, -10.7)
(1.9, 6.9, 17.2);(0.9985603);(0.8, -6.4, 2.8);(13.0, 1.0, -10.7)
(1.9, 6.7, 17.3);(0.9983302);(1.1, -6.2, 2.9);(13.0, 1.0, -10.7)
(1.9, 6.6, 17.3);(0.9983571);(1.2, -6.2, 2.7);(13.0, 1.0, -10.7)
(2.0, 6.5, 17.4);(0.998273);(1.0, -6.2, 2.6);(13.0, 1.0, -10.7)
(2.0, 6.4, 17.5);(0.9976021);(0.9, -6.0, 2.8);(13.0, 1.0, -10.7)
(2.0, 6.3, 17.5);(0.9972786);(1.2, -5.9, 2.7);(13.0, 1.0, -10.7)
(2.0, 6.1, 17.6);(0.9970992);(1.2, -5.9, 2.5);(13.0, 1.0, -10.7)
(2.1, 6.0, 17.6);(0.9969541);(1.1, -5.8, 2.4);(13.0, 1.0, -10.7)
(2.1, 5.9, 17.7);(0.9964537);(0.9, -5.7, 2.5);(13.0, 1.0, -10.7)
(2.1, 5.8, 17.7);(0.9957877);(1.1, -5.5, 2.6);(13.0, 1.0, -10.7)
(2.1, 5.7, 17.8);(0.9956109);(1.3, -5.4, 2.4);(13.0, 1.0, -10.7)
(2.2, 5.6, 17.8);(0.9956217);(1.1, -5.4, 2.2);(13.0, 1.0, -10.7)
(2.2, 5.5, 17.9);(0.9950581);(1.0, -5.3, 2.3);(13.0, 1.0, -10.7)
(2.2, 5.4, 18.0);(0.994129);(1.3, -5.1, 2.5);(13.0, 1.0, -10.7)
(2.2, 5.3, 18.0);(0.9936053);(1.2, -5.1, 2.3);(13.0, 1.0, -10.7)
(2.3, 5.2, 18.1);(0.9936404);(1.2, -5.0, 2.0);(13.0, 1.0, -10.7)
(2.3, 5.1, 18.1);(0.9934325);(0.9, -4.9, 2.0);(13.0, 1.0, -10.7)
(2.3, 5.0, 18.1);(0.9924639);(1.0, -4.7, 2.2);(13.0, 1.0, -10.7)
(2.3, 4.9, 18.2);(0.9921914);(1.3, -4.6, 1.9);(13.0, 1.0, -10.7)
(2.3, 4.8, 18.2);(0.9923342);(1.1, -4.5, 1.8);(13.0, 1.0, -10.7)
(2.4, 4.7, 18.3);(0.9916517);(1.0, -4.4, 1.9);(13.0, 1.0, -10.7)
(2.4, 4.6, 18.3);(0.9906323);(1.1, -4.1, 2.0);(13.0, 1.0, -10.7)
(2.4, 4.6, 18.4);(0.9902937);(1.4, -4.1, 1.7);(13.0, 1.0, -10.7)
(2.4, 4.5, 18.4);(0.9904944);(1.2, -4.2, 1.6);(13.0, 1.0, -10.7)
(2.5, 4.4, 18.4);(0.9901389);(0.9, -4.1, 1.6);(13.0, 1.0, -10.7)
(2.5, 4.3, 18.5);(0.9887436);(1.2, -4.0, 1.9);(13.0, 1.0, -10.7)
(2.5, 4.2, 18.5);(0.9882707);(1.4, -3.9, 1.6);(13.0, 1.0, -10.7)
(2.6, 4.2, 18.5);(0.9881493);(1.3, -4.0, 1.5);(13.0, 1.0, -10.7)
(2.6, 4.1, 18.6);(0.9886515);(1.1, -4.0, 1.3);(13.0, 1.0, -10.7)
(2.6, 4.0, 18.6);(0.9884361);(0.9, -3.9, 1.4);(13.0, 1.0, -10.7)
(2.6, 3.9, 18.6);(0.9873214);(1.2, -3.8, 1.5);(13.0, 1.0, -10.7)
(2.6, 3.9, 18.6);(0.9873248);(1.4, -3.7, 1.2);(13.0, 1.0, -10.7)
(2.7, 3.8, 18.7);(0.9877059);(1.2, -3.8, 1.1);(13.0, 1.0, -10.7)
(2.7, 3.7, 18.7);(0.987818);(0.9, -3.7, 1.1);(13.0, 1.0, -10.7)
(2.7, 3.6, 18.7);(0.9868822);(1.0, -3.4, 1.3);(13.0, 1.0, -10.7)
(2.7, 3.6, 18.7);(0.9863508);(1.3, -3.3, 1.1);(13.0, 1.0, -10.7)
(2.8, 3.5, 18.8);(0.9868999);(1.2, -3.3, 0.8);(13.0, 1.0, -10.7)
(2.8, 3.4, 18.8);(0.9873208);(0.9, -3.2, 0.8);(13.0, 1.0, -10.7)
(2.8, 3.4, 18.8);(0.9862809);(1.2, -3.1, 1.1);(13.0, 1.0, -10.7)
(2.8, 3.3, 18.8);(0.9858702);(1.4, -3.1, 0.9);(13.0, 1.0, -10.7)
(2.9, 3.3, 18.8);(0.9862672);(1.3, -3.1, 0.6);(13.0, 1.0, -10.7)
(2.9, 3.2, 18.8);(0.9869747);(1.0, -3.1, 0.5);(13.0, 1.0, -10.7)
(2.9, 3.1, 18.9);(0.9862781);(1.0, -2.9, 0.8);(13.0, 1.0, -10.7)
(2.9, 3.1, 18.9);(0.9860173);(1.3, -2.8, 0.6);(13.0, 1.0, -10.7)
(2.9, 3.0, 18.9);(0.9863534);(1.2, -2.9, 0.4);(13.0, 1.0, -10.7)
(3.0, 3.0, 18.9);(0.9867024);(0.9, -2.6, 0.4);(13.0, 1.0, -10.7)
(3.0, 2.9, 18.9);(0.9859019);(1.2, -2.5, 0.6);(13.0, 1.0, -10.7)
(3.0, 2.9, 18.9);(0.9857581);(1.3, -2.6, 0.4);(13.0, 1.0, -10.7)
(3.0, 2.8, 18.9);(0.9863091);(1.2, -2.6, 0.2);(13.0, 1.0, -10.7)
(3.1, 2.8, 18.9);(0.9866669);(0.9, -2.6, 0.2);(13.0, 1.0, -10.7)
(3.1, 2.7, 18.9);(0.9860407);(1.1, -2.4, 0.3);(13.0, 1.0, -10.7)
(3.1, 2.7, 18.9);(0.9859909);(1.3, -2.4, 0.2);(13.0, 1.0, -10.7)
(3.1, 2.6, 18.9);(0.9865132);(1.2, -2.5, 0.0);(13.0, 1.0, -10.7)
(3.2, 2.6, 18.9);(0.9874476);(1.0, -2.5, -0.1);(13.0, 1.0, -10.7)
(3.2, 2.5, 18.9);(0.9873684);(1.0, -2.3, 0.0);(13.0, 1.0, -10.7)
(3.2, 2.5, 18.9);(0.9867986);(1.2, -2.2, 0.1);(13.0, 1.0, -10.7)
(3.2, 2.4, 18.9);(0.9870648);(1.2, -2.2, -0.1);(13.0, 1.0, -10.7)
(3.2, 2.4, 18.9);(0.9876907);(1.1, -2.2, -0.3);(13.0, 1.0, -10.7)
(3.3, 2.4, 18.9);(0.9879575);(1.0, -2.0, -0.3);(13.0, 1.0, -10.7)
(3.3, 2.3, 18.9);(0.9876385);(1.1, -1.8, -0.2);(13.0, 1.0, -10.7)
(3.3, 2.3, 18.9);(0.9881188);(1.2, -1.7, -0.5);(13.0, 1.0, -10.7)
(3.3, 2.2, 18.9);(0.989044);(1.0, -1.6, -0.6);(13.0, 1.0, -10.7)
(3.3, 2.2, 18.8);(0.9891815);(1.0, -1.5, -0.5);(13.0, 1.0, -10.7)
(3.4, 2.2, 18.8);(0.9891816);(1.2, -1.3, -0.5);(13.0, 1.0, -10.7)
(3.4, 2.2, 18.8);(0.9898084);(1.1, -1.3, -0.7);(13.0, 1.0, -10.7)
(3.4, 2.1, 18.8);(0.9901262);(0.9, -1.2, -0.7);(13.0, 1.0, -10.7)
(3.4, 2.1, 18.8);(0.9898906);(1.2, -1.0, -0.6);(13.0, 1.0, -10.7)
(3.5, 2.1, 18.8);(0.9899315);(1.2, -1.1, -0.7);(13.0, 1.0, -10.7)
(3.5, 2.1, 18.8);(0.9904063);(1.1, -1.2, -0.8);(13.0, 1.0, -10.7)
(3.5, 2.0, 18.7);(0.9909314);(1.0, -1.2, -0.9);(13.0, 1.0, -10.7)
(3.5, 2.0, 18.7);(0.9904932);(1.1, -1.0, -0.7);(13.0, 1.0, -10.7)
(3.6, 2.0, 18.7);(0.9902);(1.3, -1.0, -0.8);(13.0, 1.0, -10.7)
(3.6, 2.0, 18.7);(0.990372);(1.2, -1.1, -0.9);(13.0, 1.0, -10.7)
(3.6, 2.0, 18.7);(0.9909056);(1.1, -1.1, -1.0);(13.0, 1.0, -10.7)
(3.6, 1.9, 18.6);(0.9916576);(1.0, -1.0, -1.1);(13.0, 1.0, -10.7)
(3.6, 1.9, 18.6);(0.9915683);(1.1, -1.0, -0.9);(13.0, 1.0, -10.7)
(3.7, 1.9, 18.6);(0.9916844);(1.2, -0.9, -1.1);(13.0, 1.0, -10.7)
(3.7, 1.9, 18.6);(0.9922669);(1.2, -0.9, -1.2);(13.0, 1.0, -10.7)
(3.7, 1.9, 18.5);(0.9929792);(1.0, -1.0, -1.3);(13.0, 1.0, -10.7)
(3.7, 1.8, 18.5);(0.9933537);(1.0, -0.9, -1.2);(13.0, 1.0, -10.7)
(3.8, 1.8, 18.5);(0.9935346);(1.1, -0.9, -1.2);(13.0, 1.0, -10.7)
(3.8, 1.8, 18.5);(0.9936731);(1.1, -0.8, -1.2);(13.0, 1.0, -10.7)
(3.8, 1.8, 18.4);(0.9943146);(1.0, -0.8, -1.4);(13.0, 1.0, -10.7)
(3.8, 1.8, 18.4);(0.9948264);(0.9, -0.8, -1.4);(13.0, 1.0, -10.7)
(3.8, 1.8, 18.4);(0.9948304);(0.9, -0.7, -1.2);(13.0, 1.0, -10.7)
(3.9, 1.8, 18.3);(0.994597);(1.1, -0.7, -1.2);(13.0, 1.0, -10.7)
(3.9, 1.7, 18.3);(0.9946825);(1.1, -0.8, -1.3);(13.0, 1.0, -10.7)
(3.9, 1.7, 18.3);(0.9951344);(1.1, -0.8, -1.5);(13.0, 1.0, -10.7)
(3.9, 1.7, 18.2);(0.9954997);(0.9, -0.8, -1.4);(13.0, 1.0, -10.7)
(3.9, 1.7, 18.2);(0.995149);(1.0, -0.7, -1.2);(13.0, 1.0, -10.7)
(4.0, 1.7, 18.2);(0.9951091);(1.1, -0.7, -1.4);(13.0, 1.0, -10.7)
(4.0, 1.7, 18.2);(0.9955673);(1.0, -0.8, -1.6);(13.0, 1.0, -10.7)
(4.0, 1.6, 18.1);(0.9961385);(0.9, -0.8, -1.6);(13.0, 1.0, -10.7)
(4.0, 1.6, 18.1);(0.9961429);(0.9, -0.7, -1.4);(13.0, 1.0, -10.7)
(4.0, 1.6, 18.1);(0.9961183);(1.1, -0.6, -1.5);(13.0, 1.0, -10.7)
(4.1, 1.6, 18.0);(0.9964841);(0.9, -0.6, -1.7);(13.0, 1.0, -10.7)
(4.1, 1.6, 18.0);(0.9965905);(0.9, -0.6, -1.5);(13.0, 1.0, -10.7)
(4.1, 1.6, 18.0);(0.9966179);(1.0, -0.5, -1.6);(13.0, 1.0, -10.7)
(4.1, 1.6, 17.9);(0.9968126);(1.0, -0.5, -1.7);(13.0, 1.0, -10.7)
(4.1, 1.6, 17.9);(0.9970123);(0.9, -0.4, -1.7);(13.0, 1.0, -10.7)
(4.2, 1.6, 17.8);(0.9971156);(1.0, -0.4, -1.7);(13.0, 1.0, -10.7)
(4.2, 1.5, 17.8);(0.9972168);(0.9, -0.4, -1.7);(13.0, 1.0, -10.7)
(4.2, 1.5, 17.8);(0.9972579);(1.0, -0.3, -1.7);(13.0, 1.0, -10.7)
(4.2, 1.5, 17.7);(0.9972945);(1.0, -0.2, -1.8);(13.0, 1.0, -10.7)
(4.2, 1.5, 17.7);(0.9974256);(1.0, -0.3, -1.8);(13.0, 1.0, -10.7)
(4.3, 1.5, 17.7);(0.9976627);(0.9, -0.3, -1.9);(13.0, 1.0, -10.7)
(4.3, 1.5, 17.6);(0.9978206);(0.8, -0.3, -1.8);(13.0, 1.0, -10.7)
(4.3, 1.5, 17.6);(0.9977163);(1.0, -0.2, -1.7);(13.0, 1.0, -10.7)
(4.3, 1.5, 17.6);(0.9976065);(1.0, -0.4, -1.7);(13.0, 1.0, -10.7)
(4.3, 1.5, 17.5);(0.997668);(1.0, -0.5, -1.8);(13.0, 1.0, -10.7)
(4.4, 1.5, 17.5);(0.9979757);(0.9, -0.5, -2.0);(13.0, 1.0, -10.7)
(4.4, 1.5, 17.4);(0.9982578);(0.7, -0.5, -1.9);(13.0, 1.0, -10.7)
(4.4, 1.5, 17.4);(0.9981449);(0.9, -0.4, -1.7);(13.0, 1.0, -10.7)
(4.4, 1.5, 17.4);(0.9981306);(1.0, -0.4, -1.9);(13.0, 1.0, -10.7)
(4.4, 1.4, 17.3);(0.9982872);(0.9, -0.5, -2.0);(13.0, 1.0, -10.7)
(4.4, 1.4, 17.3);(0.9984475);(0.9, -0.6, -2.0);(13.0, 1.0, -10.7)
(4.4, 1.4, 17.2);(0.9986388);(0.7, -0.6, -1.9);(13.0, 1.0, -10.7)
(4.5, 1.4, 17.2);(0.9985169);(0.9, -0.5, -1.8);(13.0, 1.0, -10.7)
(4.5, 1.4, 17.2);(0.9985041);(1.0, -0.5, -1.9);(13.0, 1.0, -10.7)
(4.5, 1.4, 17.1);(0.9985576);(0.9, -0.6, -2.0);(13.0, 1.0, -10.7)
(4.5, 1.4, 17.1);(0.9987124);(0.7, -0.6, -1.9);(13.0, 1.0, -10.7)
(4.5, 1.4, 17.0);(0.9986648);(0.8, -0.6, -1.8);(13.0, 1.0, -10.7)
(4.6, 1.4, 17.0);(0.9985188);(1.0, -0.5, -1.9);(13.0, 1.0, -10.7)
(4.6, 1.3, 17.0);(0.9986134);(0.9, -0.6, -2.1);(13.0, 1.0, -10.7)
(4.6, 1.3, 16.9);(0.9987957);(0.7, -0.6, -2.0);(13.0, 1.0, -10.7)
(4.6, 1.3, 16.9);(0.9988182);(0.8, -0.4, -1.9);(13.0, 1.0, -10.7)
(4.6, 1.3, 16.8);(0.9988298);(0.8, -0.5, -2.0);(13.0, 1.0, -10.7)
(4.6, 1.3, 16.8);(0.9988359);(0.8, -0.5, -2.0);(13.0, 1.0, -10.7)
(4.7, 1.3, 16.7);(0.998857);(0.8, -0.4, -2.0);(13.0, 1.0, -10.7)
(4.7, 1.3, 16.7);(0.9989741);(0.8, -0.4, -2.1);(13.0, 1.0, -10.7)
(4.7, 1.3, 16.7);(0.9991086);(0.7, -0.4, -2.1);(13.0, 1.0, -10.7)
(4.7, 1.3, 16.6);(0.9991018);(0.8, -0.4, -2.0);(13.0, 1.0, -10.7)
(4.7, 1.3, 16.6);(0.9990361);(0.8, -0.3, -2.0);(13.0, 1.0, -10.7)
(4.7, 1.3, 16.5);(0.9990047);(0.8, -0.4, -2.1);(13.0, 1.0, -10.7)
(4.7, 1.2, 16.5);(0.9991851);(0.6, -0.4, -2.2);(13.0, 1.0, -10.7)
(4.8, 1.2, 16.4);(0.9991886);(0.7, -0.4, -2.0);(13.0, 1.0, -10.7)
(4.8, 1.2, 16.4);(0.9991655);(0.8, -0.4, -2.0);(13.0, 1.0, -10.7)
(4.8, 1.2, 16.4);(0.9991713);(0.8, -0.4, -2.1);(13.0, 1.0, -10.7)
(4.8, 1.2, 16.3);(0.9991389);(0.8, -0.3, -2.1);(13.0, 1.0, -10.7)
(4.8, 1.2, 16.3);(0.9991148);(0.8, -0.3, -2.2);(13.0, 1.0, -10.7)
(4.8, 1.2, 16.2);(0.9991997);(0.7, -0.2, -2.2);(13.0, 1.0, -10.7)
(4.9, 1.2, 16.2);(0.9992285);(0.7, -0.2, -2.1);(13.0, 1.0, -10.7)
(4.9, 1.2, 16.1);(0.999197);(0.8, -0.1, -2.2);(13.0, 1.0, -10.7)
(4.9, 1.2, 16.1);(0.999311);(0.6, 0.0, -2.2);(13.0, 1.0, -10.7)
(4.9, 1.2, 16.1);(0.9993069);(0.7, -0.1, -2.1);(13.0, 1.0, -10.7)
(4.9, 1.2, 16.0);(0.9992731);(0.7, -0.1, -2.1);(13.0, 1.0, -10.7)
(4.9, 1.2, 16.0);(0.9992424);(0.7, 0.0, -2.2);(13.0, 1.0, -10.7)
(4.9, 1.2, 15.9);(0.9992746);(0.7, -0.1, -2.2);(13.0, 1.0, -10.7)
(4.9, 1.2, 15.9);(0.9993608);(0.6, -0.1, -2.1);(13.0, 1.0, -10.7)
(5.0, 1.2, 15.8);(0.9993651);(0.6, -0.1, -2.1);(13.0, 1.0, -10.7)
(5.0, 1.2, 15.8);(0.9992762);(0.8, -0.1, -2.2);(13.0, 1.0, -10.7)
(5.0, 1.2, 15.7);(0.9992517);(0.7, 0.0, -2.3);(13.0, 1.0, -10.7)
(5.0, 1.2, 15.7);(0.9993335);(0.6, -0.1, -2.3);(13.0, 1.0, -10.7)
(5.0, 1.2, 15.7);(0.9994891);(0.5, -0.1, -2.1);(13.0, 1.0, -10.7)
(5.0, 1.2, 15.6);(0.9994366);(0.7, 0.0, -2.0);(13.0, 1.0, -10.7)
(5.0, 1.2, 15.6);(0.9993106);(0.7, -0.1, -2.1);(13.0, 1.0, -10.7)
(5.1, 1.2, 15.5);(0.9992468);(0.7, -0.2, -2.2);(13.0, 1.0, -10.7)
(5.1, 1.2, 15.5);(0.9992269);(0.6, -0.3, -2.2);(13.0, 1.0, -10.7)
(5.1, 1.2, 15.4);(0.9992865);(0.6, -0.3, -2.3);(13.0, 1.0, -10.7)
(5.1, 1.2, 15.4);(0.9994583);(0.4, -0.3, -2.2);(13.0, 1.0, -10.7)
(5.1, 1.2, 15.4);(0.9994603);(0.6, -0.3, -2.0);(13.0, 1.0, -10.7)
(5.1, 1.1, 15.3);(0.9993079);(0.7, -0.3, -2.1);(13.0, 1.0, -10.7)
(5.1, 1.1, 15.3);(0.9991828);(0.7, -0.4, -2.2);(13.0, 1.0, -10.7)
(5.1, 1.1, 15.2);(0.9991384);(0.6, -0.5, -2.2);(13.0, 1.0, -10.7)
(5.1, 1.1, 15.2);(0.9992381);(0.5, -0.6, -2.3);(13.0, 1.0, -10.7)
(5.2, 1.1, 15.1);(0.9993559);(0.5, -0.6, -2.1);(13.0, 1.0, -10.7)
(5.2, 1.1, 15.1);(0.9992743);(0.6, -0.5, -2.1);(13.0, 1.0, -10.7)
(5.2, 1.1, 15.1);(0.9991595);(0.7, -0.6, -2.2);(13.0, 1.0, -10.7)
(5.2, 1.1, 15.0);(0.9991466);(0.6, -0.7, -2.3);(13.0, 1.0, -10.7)
(5.2, 1.1, 15.0);(0.9992889);(0.4, -0.7, -2.2);(13.0, 1.0, -10.7)
(5.2, 1.0, 14.9);(0.9992844);(0.5, -0.6, -2.1);(13.0, 1.0, -10.7)
(5.2, 1.0, 14.9);(0.9991519);(0.7, -0.6, -2.2);(13.0, 1.0, -10.7)
(5.2, 1.0, 14.8);(0.9990824);(0.6, -0.7, -2.3);(13.0, 1.0, -10.7)
(5.3, 1.0, 14.8);(0.9991312);(0.5, -0.6, -2.4);(13.0, 1.0, -10.7)
(5.3, 1.0, 14.7);(0.9992816);(0.4, -0.6, -2.3);(13.0, 1.0, -10.7)
(5.3, 1.0, 14.7);(0.9993605);(0.4, -0.5, -2.1);(13.0, 1.0, -10.7)
(5.3, 1.0, 14.6);(0.9992554);(0.6, -0.4, -2.2);(13.0, 1.0, -10.7)
(5.3, 1.0, 14.6);(0.9992693);(0.5, -0.3, -2.3);(13.0, 1.0, -10.7)
(5.3, 1.0, 14.6);(0.9993701);(0.4, -0.3, -2.2);(13.0, 1.0, -10.7)
(5.3, 1.0, 14.5);(0.9993187);(0.6, -0.2, -2.2);(13.0, 1.0, -10.7)
(5.3, 1.0, 14.5);(0.9992769);(0.5, -0.3, -2.3);(13.0, 1.0, -10.7)
(5.3, 0.9, 14.4);(0.9992891);(0.4, -0.2, -2.4);(13.0, 1.0, -10.7)
(5.3, 0.9, 14.4);(0.9993899);(0.4, -0.2, -2.3);(13.0, 1.0, -10.7)
(5.3, 0.9, 14.3);(0.99943);(0.4, -0.2, -2.1);(13.0, 1.0, -10.7)
(5.3, 0.9, 14.3);(0.9993699);(0.5, -0.3, -2.2);(13.0, 1.0, -10.7)
(5.4, 0.9, 14.2);(0.9993175);(0.5, -0.3, -2.2);(13.0, 1.0, -10.7)
