(13.1, 32.6, 1.4);(0.7809545);(0.0, -5.2, 0.0);(1.9, 1.0, -13.6)
(13.1, 32.5, 1.4);(0.7809545);(0.0, -5.4, 0.0);(1.9, 1.0, -13.6)
(13.1, 32.4, 1.4);(0.7809545);(0.0, -5.6, 0.0);(1.9, 1.0, -13.6)
(13.1, 32.3, 1.4);(0.7809545);(0.0, -5.7, 0.0);(1.9, 1.0, -13.6)
(13.1, 32.2, 1.4);(0.7809545);(0.0, -5.9, 0.0);(1.9, 1.0, -13.6)
(13.1, 32.1, 1.4);(0.7809545);(0.0, -6.1, 0.0);(1.9, 1.0, -13.6)
(13.1, 31.9, 1.4);(0.7809545);(0.0, -6.3, 0.0);(1.9, 1.0, -13.6)
(13.1, 31.8, 1.4);(0.7809545);(0.0, -6.5, 0.0);(1.9, 1.0, -13.6)
(13.1, 31.7, 1.4);(0.7809545);(0.0, -6.7, 0.0);(1.9, 1.0, -13.6)
(13.1, 31.5, 1.4);(0.7809545);(0.0, -6.8, 0.0);(1.9, 1.0, -13.6)
(13.1, 31.4, 1.4);(0.7809545);(0.0, -7.0, 0.0);(1.9, 1.0, -13.6)
(13.1, 31.3, 1.4);(0.7809545);(0.0, -7.2, 0.0);(1.9, 1.0, -13.6)
(13.1, 31.1, 1.4);(0.7809545);(0.0, -7.4, 0.0);(1.9, 1.0, -13.6)
(13.1, 31.0, 1.4);(0.7809545);(0.0, -7.6, 0.0);(1.9, 1.0, -13.6)
(13.1, 30.8, 1.4);(0.7809545);(0.0, -7.7, 0.0);(1.9, 1.0, -13.6)
(13.1, 30.6, 1.4);(0.7809545);(0.0, -7.9, 0.0);(1.9, 1.0, -13.6)
(13.1, 30.5, 1.4);(0.7809545);(0.0, -8.1, 0.0);(1.9, 1.0, -13.6)
(13.1, 30.3, 1.4);(0.7809545);(0.0, -8.3, 0.0);(1.9, 1.0, -13.6)
(13.1, 30.1, 1.4);(0.7809545);(0.0, -8.5, 0.0);(1.9, 1.0, -13.6)
(13.1, 30.0, 1.4);(0.7809545);(0.0, -8.6, 0.0);(1.9, 1.0, -13.6)
(13.1, 29.8, 1.4);(0.781059);(0.0, -8.8, 0.0);(1.9, 1.0, -13.6)
(13.1, 29.6, 1.4);(0.7811631);(0.0, -9.0, 0.0);(1.9, 1.0, -13.6)
(13.1, 29.4, 1.4);(0.781267);(0.0, -9.2, 0.0);(1.9, 1.0, -13.6)
(13.1, 29.2, 1.4);(0.7814683);(0.0, -9.4, 0.0);(1.9, 1.0, -13.6)
(13.1, 29.1, 1.4);(0.7816691);(0.0, -9.5, 0.0);(1.9, 1.0, -13.6)
(13.1, 28.9, 1.4);(0.782414);(0.0, -9.7, -0.1);(1.9, 1.0, -13.6)
(13.1, 28.7, 1.4);(0.7846738);(0.1, -9.9, -0.2);(1.9, 1.0, -13.6)
(13.1, 28.5, 1.4);(0.7889863);(0.1, -10.0, -0.4);(1.9, 1.0, -13.6)
(13.1, 28.2, 1.4);(0.7939255);(0.1, -10.2, -0.5);(1.9, 1.0, -13.6)
(13.1, 28.0, 1.3);(0.7995283);(0.1, -10.3, -0.5);(1.9, 1.0, -13.6)
(13.1, 27.8, 1.3);(0.8071215);(0.0, -10.5, -0.7);(1.9, 1.0, -13.6)
(13.1, 27.6, 1.3);(0.8159711);(0.0, -10.6, -0.9);(1.9, 1.0, -13.6)
(13.1, 27.4, 1.2);(0.8271384);(-0.1, -10.8, -1.1);(1.9, 1.0, -13.6)
(13.1, 27.1, 1.2);(0.8398212);(-0.1, -10.9, -1.3);(1.9, 1.0, -13.6)
(13.1, 26.9, 1.1);(0.8541377);(-0.1, -10.9, -1.6);(1.9, 1.0, -13.6)
(13.1, 26.6, 1.1);(0.8698334);(-0.1, -11.0, -1.8);(1.9, 1.0, -13.6)
(13.1, 26.4, 1.0);(0.8866019);(-0.1, -11.0, -2.1);(1.9, 1.0, -13.6)
(13.1, 26.2, 0.9);(0.9040406);(-0.1, -11.1, -2.3);(1.9, 1.0, -13.6)
(13.1, 25.9, 0.8);(0.9220197);(-0.1, -11.2, -2.6);(1.9, 1.0, -13.6)
(13.1, 25.7, 0.7);(0.9395227);(-0.1, -11.2, -2.9);(1.9, 1.0, -13.6)
(13.1, 25.4, 0.6);(0.9561526);(-0.2, -11.2, -3.1);(1.9, 1.0, -13.6)
(13.1, 25.2, 0.4);(0.9705411);(-0.2, -11.2, -3.2);(1.9, 1.0, -13.6)
(13.1, 24.9, 0.3);(0.9823764);(-0.2, -11.1, -3.4);(1.9, 1.0, -13.6)
(13.1, 24.7, 0.2);(0.9908282);(-0.2, -11.0, -3.5);(1.9, 1.0, -13.6)
(13.1, 24.5, 0.0);(0.996088);(-0.3, -11.0, -3.6);(1.9, 1.0, -13.6)
(13.1, 24.2, -0.1);(0.9976835);(-0.3, -11.0, -3.4);(1.9, 1.0, -13.6)
(13.1, 24.0, -0.3);(0.9961935);(-0.3, -11.0, -3.4);(1.9, 1.0, -13.6)
(13.0, 23.8, -0.4);(0.9921979);(-0.3, -11.0, -3.2);(1.9, 1.0, -13.6)
(13.0, 23.6, -0.5);(0.986533);(-0.5, -11.1, -3.0);(1.9, 1.0, -13.6)
(13.0, 23.4, -0.6);(0.9792291);(-0.4, -11.2, -2.9);(1.9, 1.0, -13.6)
(13.0, 23.2, -0.7);(0.9702849);(-0.5, -11.3, -2.9);(1.9, 1.0, -13.6)
(13.0, 22.9, -0.8);(0.9598845);(-0.5, -11.5, -2.8);(1.9, 1.0, -13.6)
(13.0, 22.7, -0.9);(0.9482226);(-0.5, -11.6, -2.8);(1.9, 1.0, -13.6)
(12.9, 22.5, -1.0);(0.9354964);(-0.5, -11.8, -2.7);(1.9, 1.0, -13.6)
(12.9, 22.3, -1.1);(0.9221148);(-0.5, -11.9, -2.6);(1.9, 1.0, -13.6)
(12.9, 22.1, -1.2);(0.9075398);(-0.5, -12.1, -2.6);(1.9, 1.0, -13.6)
(12.9, 21.8, -1.3);(0.8922079);(-0.4, -12.2, -2.5);(1.9, 1.0, -13.6)
(12.9, 21.6, -1.4);(0.8772055);(-0.5, -12.3, -2.4);(1.9, 1.0, -13.6)
(12.9, 21.4, -1.5);(0.8627932);(-0.5, -12.5, -2.2);(1.9, 1.0, -13.6)
(12.8, 21.1, -1.6);(0.8476366);(-0.5, -12.6, -2.2);(1.9, 1.0, -13.6)
(12.8, 20.9, -1.6);(0.8321548);(-0.5, -12.8, -2.2);(1.9, 1.0, -13.6)
(12.8, 20.6, -1.7);(0.8171121);(-0.5, -12.9, -2.1);(1.9, 1.0, -13.6)
(12.8, 20.4, -1.8);(0.8020557);(-0.5, -13.1, -2.0);(1.9, 1.0, -13.6)
(12.8, 20.2, -1.8);(0.7883625);(-0.5, -13.3, -1.9);(1.9, 1.0, -13.6)
(12.7, 19.9, -1.9);(0.775623);(-0.5, -13.4, -1.8);(1.9, 1.0, -13.6)
(12.7, 19.6, -1.9);(0.7649623);(-0.5, -13.6, -1.6);(1.9, 1.0, -13.6)
(12.7, 19.4, -2.0);(0.7574759);(-0.4, -13.7, -1.3);(1.9, 1.0, -13.6)
(12.7, 19.1, -2.0);(0.7532409);(-0.3, -13.9, -1.0);(1.9, 1.0, -13.6)
(12.7, 18.8, -2.0);(0.7511219);(-0.2, -14.0, -0.9);(1.9, 1.0, -13.6)
(12.7, 18.5, -2.0);(0.7520046);(-0.1, -14.2, -0.7);(1.9, 1.0, -13.6)
(12.7, 18.3, -2.0);(0.7566825);(-0.1, -14.3, -0.4);(1.9, 1.0, -13.6)
(12.7, 18.0, -2.0);(0.7634846);(0.0, -14.4, -0.1);(1.9, 1.0, -13.6)
(12.7, 17.7, -2.0);(0.7717287);(-0.2, -14.4, 0.2);(1.9, 1.0, -13.6)
(12.7, 17.4, -2.0);(0.7782536);(0.2, -14.2, 0.3);(1.9, 1.0, -13.6)
(12.7, 17.1, -2.0);(0.7846918);(0.1, -14.1, 0.4);(1.9, 1.0, -13.6)
(12.7, 16.8, -1.9);(0.7924122);(0.1, -14.1, 0.7);(1.9, 1.0, -13.6)
(12.7, 16.5, -1.9);(0.8001285);(0.0, -14.0, 0.9);(1.9, 1.0, -13.6)
(12.7, 16.2, -1.9);(0.8080633);(0.2, -13.8, 1.1);(1.9, 1.0, -13.6)
(12.7, 15.9, -1.8);(0.8161464);(0.2, -13.6, 1.4);(1.9, 1.0, -13.6)
(12.7, 15.7, -1.8);(0.8230987);(0.2, -13.4, 1.6);(1.9, 1.0, -13.6)
(12.7, 15.4, -1.7);(0.8298585);(0.2, -13.2, 1.8);(1.9, 1.0, -13.6)
(12.7, 15.1, -1.7);(0.8376834);(0.2, -13.1, 2.1);(1.9, 1.0, -13.6)
(12.7, 14.8, -1.6);(0.8461024);(0.2, -13.0, 2.3);(1.9, 1.0, -13.6)
(12.8, 14.6, -1.6);(0.851328);(0.2, -12.7, 2.3);(1.9, 1.0, -13.6)
(12.8, 14.3, -1.5);(0.8586993);(0.2, -12.6, 2.7);(1.9, 1.0, -13.6)
(12.8, 14.1, -1.4);(0.8666523);(0.3, -12.3, 3.0);(1.9, 1.0, -13.6)
(12.8, 13.8, -1.3);(0.8725121);(0.2, -12.1, 3.0);(1.9, 1.0, -13.6)
(12.8, 13.6, -1.3);(0.8801517);(0.4, -12.0, 3.3);(1.9, 1.0, -13.6)
(12.8, 13.3, -1.2);(0.8865455);(0.3, -11.8, 3.4);(1.9, 1.0, -13.6)
(12.8, 13.1, -1.1);(0.8943475);(0.3, -11.6, 3.7);(1.9, 1.0, -13.6)
(12.8, 12.8, -1.0);(0.9004415);(0.3, -11.4, 3.7);(1.9, 1.0, -13.6)
(12.8, 12.6, -0.9);(0.9063488);(0.4, -11.1, 3.9);(1.9, 1.0, -13.6)
(12.8, 12.4, -0.8);(0.913137);(0.4, -10.9, 4.2);(1.9, 1.0, -13.6)
(12.8, 12.2, -0.7);(0.919297);(0.4, -10.8, 4.3);(1.9, 1.0, -13.6)
(12.8, 11.9, -0.6);(0.9245123);(0.3, -10.6, 4.3);(1.9, 1.0, -13.6)
(12.8, 11.7, -0.5);(0.9321023);(0.3, -10.5, 4.7);(1.9, 1.0, -13.6)
(12.9, 11.5, -0.4);(0.9376449);(0.6, -10.3, 4.6);(1.9, 1.0, -13.6)
(12.9, 11.3, -0.3);(0.9418014);(0.4, -10.3, 4.5);(1.9, 1.0, -13.6)
(12.9, 11.1, -0.2);(0.9459127);(0.3, -10.1, 4.6);(1.9, 1.0, -13.6)
(12.9, 10.9, 0.0);(0.9517443);(0.6, -10.0, 4.9);(1.9, 1.0, -13.6)
(12.9, 10.7, 0.1);(0.9560771);(0.5, -10.0, 4.8);(1.9, 1.0, -13.6)
(12.9, 10.5, 0.2);(0.9597191);(0.4, -9.9, 4.8);(1.9, 1.0, -13.6)
(12.9, 10.3, 0.3);(0.964222);(0.5, -9.7, 5.1);(1.9, 1.0, -13.6)
(12.9, 10.1, 0.4);(0.9668671);(0.5, -9.5, 4.9);(1.9, 1.0, -13.6)
(13.0, 9.9, 0.5);(0.9707109);(0.3, -9.5, 5.2);(1.9, 1.0, -13.6)
(13.0, 9.7, 0.7);(0.9736003);(0.4, -9.2, 5.1);(1.9, 1.0, -13.6)
(13.0, 9.5, 0.8);(0.9772852);(0.4, -9.0, 5.4);(1.9, 1.0, -13.6)
(13.0, 9.4, 0.9);(0.9790659);(0.4, -8.7, 5.1);(1.9, 1.0, -13.6)
(13.0, 9.2, 1.0);(0.9818302);(0.3, -8.7, 5.4);(1.9, 1.0, -13.6)
(13.0, 9.0, 1.2);(0.9841803);(0.4, -8.4, 5.4);(1.9, 1.0, -13.6)
(13.0, 8.8, 1.3);(0.9868268);(0.3, -8.2, 5.5);(1.9, 1.0, -13.6)
(13.0, 8.7, 1.4);(0.9886205);(0.6, -8.0, 5.4);(1.9, 1.0, -13.6)
(13.0, 8.5, 1.5);(0.990077);(0.4, -7.9, 5.4);(1.9, 1.0, -13.6)
(13.0, 8.4, 1.7);(0.9918609);(0.4, -7.9, 5.5);(1.9, 1.0, -13.6)
(13.1, 8.2, 1.8);(0.9932392);(0.4, -7.6, 5.5);(1.9, 1.0, -13.6)
(13.1, 8.1, 1.9);(0.9949227);(0.3, -7.5, 5.6);(1.9, 1.0, -13.6)
(13.1, 7.9, 2.0);(0.995838);(0.5, -7.3, 5.4);(1.9, 1.0, -13.6)
(13.1, 7.8, 2.1);(0.9967738);(0.4, -7.3, 5.5);(1.9, 1.0, -13.6)
(13.1, 7.6, 2.3);(0.9976088);(0.5, -7.0, 5.5);(1.9, 1.0, -13.6)
(13.1, 7.5, 2.4);(0.9981989);(0.4, -6.9, 5.4);(1.9, 1.0, -13.6)
(13.1, 7.3, 2.5);(0.9988761);(0.3, -6.7, 5.5);(1.9, 1.0, -13.6)
(13.1, 7.2, 2.6);(0.9992806);(0.5, -6.5, 5.5);(1.9, 1.0, -13.6)
(13.1, 7.1, 2.8);(0.9995471);(0.4, -6.5, 5.4);(1.9, 1.0, -13.6)
(13.1, 7.0, 2.9);(0.9997264);(0.4, -6.3, 5.4);(1.9, 1.0, -13.6)
(13.1, 6.8, 3.0);(0.9998322);(0.3, -6.3, 5.4);(1.9, 1.0, -13.6)
(13.2, 6.7, 3.1);(0.9998084);(0.3, -6.1, 5.5);(1.9, 1.0, -13.6)
(13.2, 6.6, 3.2);(0.9996607);(0.4, -6.1, 5.3);(1.9, 1.0, -13.6)
(13.2, 6.5, 3.4);(0.9995158);(0.3, -5.9, 5.2);(1.9, 1.0, -13.6)
(13.2, 6.4, 3.5);(0.9991658);(0.3, -5.6, 5.3);(1.9, 1.0, -13.6)
(13.2, 6.3, 3.6);(0.9988226);(0.4, -5.5, 5.1);(1.9, 1.0, -13.6)
(13.2, 6.2, 3.7);(0.9985334);(0.2, -5.4, 5.1);(1.9, 1.0, -13.6)
(13.2, 6.0, 3.8);(0.9977117);(0.3, -5.2, 5.3);(1.9, 1.0, -13.6)
(13.2, 5.9, 3.9);(0.9969726);(0.3, -5.2, 5.2);(1.9, 1.0, -13.6)
(13.2, 5.8, 4.0);(0.996628);(0.2, -5.2, 4.9);(1.9, 1.0, -13.6)
(13.2, 5.7, 4.2);(0.9956798);(0.2, -5.0, 5.1);(1.9, 1.0, -13.6)
(13.2, 5.7, 4.3);(0.9949756);(0.4, -4.8, 4.9);(1.9, 1.0, -13.6)
(13.2, 5.6, 4.4);(0.9944126);(0.3, -4.8, 4.8);(1.9, 1.0, -13.6)
(13.2, 5.5, 4.5);(0.9936976);(0.1, -4.7, 4.8);(1.9, 1.0, -13.6)
(13.2, 5.4, 4.6);(0.9928451);(0.3, -4.4, 4.7);(1.9, 1.0, -13.6)
(13.2, 5.3, 4.7);(0.9922365);(0.2, -4.4, 4.6);(1.9, 1.0, -13.6)
(13.2, 5.2, 4.8);(0.9911219);(0.1, -4.3, 4.7);(1.9, 1.0, -13.6)
(13.2, 5.1, 4.9);(0.9904284);(0.2, -4.2, 4.5);(1.9, 1.0, -13.6)
(13.2, 5.0, 5.0);(0.9894006);(0.1, -4.0, 4.5);(1.9, 1.0, -13.6)
(13.3, 5.0, 5.1);(0.9885144);(0.2, -3.8, 4.4);(1.9, 1.0, -13.6)
(13.3, 4.9, 5.2);(0.98811);(0.1, -3.7, 4.2);(1.9, 1.0, -13.6)
(13.3, 4.8, 5.3);(0.9870241);(0.1, -3.5, 4.3);(1.9, 1.0, -13.6)
(13.2, 4.8, 5.3);(0.9859432);(0.0, -3.2, 4.2);(1.9, 1.0, -13.6)
(13.3, 4.7, 5.4);(0.9849536);(0.2, -3.1, 4.0);(1.9, 1.0, -13.6)
(13.3, 4.6, 5.5);(0.9842215);(0.2, -3.2, 4.0);(1.9, 1.0, -13.6)
(13.3, 4.6, 5.6);(0.9839932);(0.1, -3.2, 3.8);(1.9, 1.0, -13.6)
(13.3, 4.5, 5.7);(0.9827875);(0.0, -3.0, 3.9);(1.9, 1.0, -13.6)
(13.3, 4.5, 5.8);(0.982339);(0.2, -2.8, 3.7);(1.9, 1.0, -13.6)
(13.3, 4.4, 5.8);(0.9817293);(0.0, -2.8, 3.7);(1.9, 1.0, -13.6)
(13.3, 4.4, 5.9);(0.981165);(0.1, -2.6, 3.5);(1.9, 1.0, -13.6)
(13.3, 4.3, 6.0);(0.9807174);(-0.1, -2.5, 3.5);(1.9, 1.0, -13.6)
(13.3, 4.3, 6.1);(0.9797933);(0.1, -2.3, 3.4);(1.9, 1.0, -13.6)
(13.3, 4.2, 6.1);(0.9796978);(0.0, -2.4, 3.2);(1.9, 1.0, -13.6)
(13.3, 4.2, 6.2);(0.9794344);(-0.2, -2.2, 3.2);(1.9, 1.0, -13.6)
(13.3, 4.1, 6.3);(0.9784275);(0.1, -2.1, 3.2);(1.9, 1.0, -13.6)
(13.3, 4.1, 6.3);(0.9782896);(-0.1, -2.1, 3.0);(1.9, 1.0, -13.6)
(13.3, 4.1, 6.4);(0.9774862);(-0.1, -1.9, 3.1);(1.9, 1.0, -13.6)
(13.3, 4.0, 6.4);(0.9772955);(0.1, -1.8, 2.8);(1.9, 1.0, -13.6)
(13.3, 4.0, 6.5);(0.9776509);(-0.1, -1.8, 2.7);(1.9, 1.0, -13.6)
(13.3, 4.0, 6.6);(0.9768038);(-0.1, -1.6, 2.8);(1.9, 1.0, -13.6)
(13.3, 3.9, 6.6);(0.9767882);(0.0, -1.7, 2.6);(1.9, 1.0, -13.6)
(13.3, 3.9, 6.7);(0.9765598);(-0.1, -1.6, 2.6);(1.9, 1.0, -13.6)
(13.3, 3.9, 6.7);(0.976071);(0.0, -1.5, 2.6);(1.9, 1.0, -13.6)
(13.3, 3.8, 6.8);(0.9761631);(-0.1, -1.5, 2.4);(1.9, 1.0, -13.6)
(13.3, 3.8, 6.8);(0.9760022);(0.0, -1.2, 2.3);(1.9, 1.0, -13.6)
(13.2, 3.8, 6.9);(0.9755491);(-0.2, -1.1, 2.3);(1.9, 1.0, -13.6)
(13.2, 3.8, 6.9);(0.9756647);(0.0, -1.1, 2.1);(1.9, 1.0, -13.6)
(13.2, 3.7, 6.9);(0.9759073);(-0.1, -1.1, 2.1);(1.9, 1.0, -13.6)
(13.2, 3.7, 7.0);(0.9762086);(-0.2, -1.1, 2.0);(1.9, 1.0, -13.6)
(13.2, 3.7, 7.0);(0.9760218);(-0.1, -1.0, 2.0);(1.9, 1.0, -13.6)
(13.2, 3.7, 7.1);(0.9759665);(-0.1, -1.0, 1.9);(1.9, 1.0, -13.6)
(13.2, 3.7, 7.1);(0.9763189);(-0.2, -0.9, 1.8);(1.9, 1.0, -13.6)
(13.2, 3.6, 7.1);(0.9758253);(0.0, -0.8, 1.8);(1.9, 1.0, -13.6)
(13.2, 3.6, 7.2);(0.9761114);(-0.1, -0.8, 1.6);(1.9, 1.0, -13.6)
(13.2, 3.6, 7.2);(0.976666);(-0.1, -0.8, 1.5);(1.9, 1.0, -13.6)
(13.2, 3.6, 7.2);(0.9769186);(-0.2, -0.8, 1.5);(1.9, 1.0, -13.6)
(13.2, 3.6, 7.2);(0.9771501);(-0.1, -0.7, 1.4);(1.9, 1.0, -13.6)
(13.2, 3.6, 7.3);(0.9774234);(-0.1, -0.7, 1.4);(1.9, 1.0, -13.6)
(13.2, 3.6, 7.3);(0.9775942);(-0.1, -0.8, 1.4);(1.9, 1.0, -13.6)
(13.2, 3.5, 7.3);(0.9775345);(-0.1, -0.7, 1.3);(1.9, 1.0, -13.6)
(13.2, 3.5, 7.3);(0.9779935);(-0.2, -0.7, 1.2);(1.9, 1.0, -13.6)
(13.2, 3.5, 7.4);(0.9782961);(-0.1, -0.7, 1.2);(1.9, 1.0, -13.6)
(13.2, 3.5, 7.4);(0.9789423);(-0.2, -0.8, 1.1);(1.9, 1.0, -13.6)
(13.2, 3.5, 7.4);(0.9788381);(-0.3, -0.6, 1.1);(1.9, 1.0, -13.6)
(13.2, 3.5, 7.4);(0.9792213);(0.0, -0.5, 1.0);(1.9, 1.0, -13.6)
(13.2, 3.5, 7.4);(0.9798754);(-0.2, -0.6, 0.9);(1.9, 1.0, -13.6)
(13.2, 3.4, 7.5);(0.9802936);(-0.1, -0.5, 0.8);(1.9, 1.0, -13.6)
(13.2, 3.4, 7.5);(0.9808053);(-0.2, -0.5, 0.8);(1.9, 1.0, -13.6)
(13.2, 3.4, 7.5);(0.9810238);(-0.2, -0.4, 0.8);(1.9, 1.0, -13.6)
(13.2, 3.4, 7.5);(0.981977);(-0.1, -0.5, 0.6);(1.9, 1.0, -13.6)
(13.2, 3.4, 7.5);(0.9822254);(-0.3, -0.4, 0.7);(1.9, 1.0, -13.6)
(13.2, 3.4, 7.5);(0.9824692);(-0.1, -0.4, 0.6);(1.9, 1.0, -13.6)
(13.2, 3.4, 7.5);(0.9831589);(-0.2, -0.4, 0.5);(1.9, 1.0, -13.6)
(13.2, 3.4, 7.5);(0.9830114);(-0.2, -0.3, 0.6);(1.9, 1.0, -13.6)
(13.2, 3.4, 7.5);(0.9833224);(-0.1, -0.3, 0.4);(1.9, 1.0, -13.6)
(13.2, 3.4, 7.5);(0.9838686);(-0.2, -0.3, 0.4);(1.9, 1.0, -13.6)
(13.2, 3.4, 7.5);(0.9846559);(-0.2, -0.2, 0.2);(1.9, 1.0, -13.6)
(13.1, 3.4, 7.5);(0.9853014);(-0.3, -0.2, 0.2);(1.9, 1.0, -13.6)
(13.1, 3.4, 7.5);(0.9854816);(-0.1, -0.1, 0.2);(1.9, 1.0, -13.6)
(13.1, 3.4, 7.5);(0.9859737);(-0.2, -0.1, 0.1);(1.9, 1.0, -13.6)
(13.1, 3.4, 7.5);(0.9866389);(-0.3, -0.1, 0.1);(1.9, 1.0, -13.6)
(13.1, 3.4, 7.5);(0.9867585);(-0.2, 0.0, 0.1);(1.9, 1.0, -13.6)
(13.1, 3.4, 7.5);(0.9871051);(-0.2, -0.1, 0.1);(1.9, 1.0, -13.6)
(13.1, 3.4, 7.5);(0.9878473);(-0.3, -0.1, -0.1);(1.9, 1.0, -13.6)
(13.1, 3.3, 7.5);(0.9883842);(-0.3, -0.1, -0.1);(1.9, 1.0, -13.6)
(13.1, 3.3, 7.5);(0.9886968);(-0.2, -0.1, -0.1);(1.9, 1.0, -13.6)
(13.1, 3.3, 7.5);(0.9891407);(-0.2, -0.1, -0.1);(1.9, 1.0, -13.6)
(13.1, 3.3, 7.5);(0.9897656);(-0.3, -0.2, -0.2);(1.9, 1.0, -13.6)
(13.1, 3.3, 7.5);(0.9901554);(-0.2, -0.2, -0.2);(1.9, 1.0, -13.6)
(13.1, 3.3, 7.5);(0.9903778);(-0.3, -0.2, -0.2);(1.9, 1.0, -13.6)
(13.1, 3.3, 7.5);(0.9908115);(-0.2, -0.3, -0.3);(1.9, 1.0, -13.6)
(13.1, 3.3, 7.5);(0.9914505);(-0.3, -0.2, -0.3);(1.9, 1.0, -13.6)
(13.1, 3.3, 7.5);(0.991627);(-0.2, -0.2, -0.3);(1.9, 1.0, -13.6)
(13.1, 3.3, 7.5);(0.9920535);(-0.2, -0.1, -0.4);(1.9, 1.0, -13.6)
(13.1, 3.3, 7.4);(0.9925576);(-0.3, -0.1, -0.4);(1.9, 1.0, -13.6)
(13.1, 3.3, 7.4);(0.9928076);(-0.4, -0.2, -0.4);(1.9, 1.0, -13.6)
(13.1, 3.3, 7.4);(0.9929871);(-0.2, -0.2, -0.4);(1.9, 1.0, -13.6)
(13.0, 3.3, 7.4);(0.993313);(-0.2, -0.3, -0.5);(1.9, 1.0, -13.6)
(13.0, 3.3, 7.4);(0.9934687);(-0.3, -0.2, -0.4);(1.9, 1.0, -13.6)
(13.0, 3.3, 7.4);(0.9936983);(-0.3, -0.2, -0.5);(1.9, 1.0, -13.6)
(13.0, 3.3, 7.4);(0.9940342);(-0.3, -0.3, -0.5);(1.9, 1.0, -13.6)
(13.0, 3.3, 7.4);(0.994382);(-0.3, -0.3, -0.6);(1.9, 1.0, -13.6)
(13.0, 3.3, 7.3);(0.9946567);(-0.3, -0.2, -0.6);(1.9, 1.0, -13.6)
(13.0, 3.3, 7.3);(0.9948314);(-0.3, -0.3, -0.6);(1.9, 1.0, -13.6)
(13.0, 3.3, 7.3);(0.9952724);(-0.3, -0.3, -0.7);(1.9, 1.0, -13.6)
(13.0, 3.2, 7.3);(0.995557);(-0.3, -0.1, -0.7);(1.9, 1.0, -13.6)
(13.0, 3.2, 7.3);(0.9957055);(-0.3, -0.2, -0.7);(1.9, 1.0, -13.6)
(13.0, 3.2, 7.3);(0.9958689);(-0.3, -0.2, -0.7);(1.9, 1.0, -13.6)
(13.0, 3.2, 7.2);(0.9961061);(-0.2, -0.1, -0.8);(1.9, 1.0, -13.6)
(13.0, 3.2, 7.2);(0.9964134);(-0.3, -0.2, -0.8);(1.9, 1.0, -13.6)
(13.0, 3.2, 7.2);(0.9965934);(-0.4, -0.2, -0.8);(1.9, 1.0, -13.6)
(13.0, 3.2, 7.2);(0.9967708);(-0.3, -0.2, -0.8);(1.9, 1.0, -13.6)
(13.0, 3.2, 7.2);(0.9970096);(-0.3, -0.2, -0.9);(1.9, 1.0, -13.6)
(13.0, 3.2, 7.1);(0.9970949);(-0.2, -0.1, -0.8);(1.9, 1.0, -13.6)
(12.9, 3.2, 7.1);(0.997272);(-0.3, -0.3, -0.9);(1.9, 1.0, -13.6)
(12.9, 3.2, 7.1);(0.997529);(-0.4, -0.2, -0.9);(1.9, 1.0, -13.6)
(12.9, 3.2, 7.1);(0.9975188);(-0.3, -0.1, -0.8);(1.9, 1.0, -13.6)
(12.9, 3.2, 7.1);(0.9975965);(-0.2, -0.2, -0.9);(1.9, 1.0, -13.6)
(12.9, 3.2, 7.0);(0.9977786);(-0.3, -0.3, -1.0);(1.9, 1.0, -13.6)
(12.9, 3.2, 7.0);(0.9979392);(-0.3, -0.4, -1.0);(1.9, 1.0, -13.6)
(12.9, 3.2, 7.0);(0.9980674);(-0.3, -0.4, -1.0);(1.9, 1.0, -13.6)
(12.9, 3.2, 7.0);(0.9981945);(-0.4, -0.4, -1.0);(1.9, 1.0, -13.6)
(12.9, 3.2, 6.9);(0.9983308);(-0.3, -0.4, -1.0);(1.9, 1.0, -13.6)
(12.9, 3.2, 6.9);(0.9985397);(-0.4, -0.4, -1.1);(1.9, 1.0, -13.6)
(12.9, 3.1, 6.9);(0.9985856);(-0.3, -0.4, -1.0);(1.9, 1.0, -13.6)
(12.9, 3.1, 6.9);(0.9987035);(-0.4, -0.5, -1.0);(1.9, 1.0, -13.6)
(12.9, 3.1, 6.9);(0.9988947);(-0.4, -0.5, -1.1);(1.9, 1.0, -13.6)
(12.9, 3.1, 6.8);(0.9989976);(-0.4, -0.4, -1.0);(1.9, 1.0, -13.6)
(12.9, 3.1, 6.8);(0.9989952);(-0.3, -0.4, -1.0);(1.9, 1.0, -13.6)
(12.8, 3.1, 6.8);(0.9990677);(-0.4, -0.5, -1.1);(1.9, 1.0, -13.6)
(12.8, 3.1, 6.8);(0.9991772);(-0.4, -0.5, -1.1);(1.9, 1.0, -13.6)
(12.8, 3.1, 6.7);(0.9992386);(-0.4, -0.5, -1.1);(1.9, 1.0, -13.6)
(12.8, 3.1, 6.7);(0.9993175);(-0.3, -0.6, -1.1);(1.9, 1.0, -13.6)
(12.8, 3.1, 6.7);(0.999423);(-0.4, -0.6, -1.1);(1.9, 1.0, -13.6)
(12.8, 3.0, 6.7);(0.9995055);(-0.4, -0.7, -1.2);(1.9, 1.0, -13.6)
(12.8, 3.0, 6.6);(0.9995887);(-0.4, -0.7, -1.1);(1.9, 1.0, -13.6)
(12.8, 3.0, 6.6);(0.9995891);(-0.3, -0.7, -1.1);(1.9, 1.0, -13.6)
(12.8, 3.0, 6.6);(0.9996755);(-0.4, -0.7, -1.2);(1.9, 1.0, -13.6)
(12.8, 3.0, 6.6);(0.999728);(-0.4, -0.7, -1.2);(1.9, 1.0, -13.6)
(12.8, 3.0, 6.5);(0.9997275);(-0.4, -0.6, -1.1);(1.9, 1.0, -13.6)
(12.8, 3.0, 6.5);(0.9997241);(-0.4, -0.7, -1.1);(1.9, 1.0, -13.6)
(12.8, 2.9, 6.5);(0.9997244);(-0.3, -0.5, -1.2);(1.9, 1.0, -13.6)
(12.7, 2.9, 6.5);(0.9997617);(-0.4, -0.6, -1.2);(1.9, 1.0, -13.6)
(12.7, 2.9, 6.4);(0.9997994);(-0.4, -0.6, -1.2);(1.9, 1.0, -13.6)
(12.7, 2.9, 6.4);(0.9998218);(-0.4, -0.6, -1.2);(1.9, 1.0, -13.6)
(12.7, 2.9, 6.4);(0.9998485);(-0.4, -0.5, -1.2);(1.9, 1.0, -13.6)
(12.7, 2.9, 6.4);(0.99986);(-0.4, -0.5, -1.2);(1.9, 1.0, -13.6)
(12.7, 2.9, 6.3);(0.9998696);(-0.4, -0.5, -1.2);(1.9, 1.0, -13.6)
(12.7, 2.9, 6.3);(0.9998767);(-0.3, -0.5, -1.3);(1.9, 1.0, -13.6)
(12.7, 2.9, 6.3);(0.9999036);(-0.4, -0.5, -1.2);(1.9, 1.0, -13.6)
(12.7, 2.8, 6.2);(0.9999084);(-0.3, -0.5, -1.4);(1.9, 1.0, -13.6)
(12.7, 2.8, 6.2);(0.9999137);(-0.4, -0.6, -1.3);(1.9, 1.0, -13.6)
(12.7, 2.8, 6.2);(0.9999114);(-0.4, -0.6, -1.2);(1.9, 1.0, -13.6)
(12.7, 2.8, 6.2);(0.999934);(-0.5, -0.7, -1.3);(1.9, 1.0, -13.6)
(12.6, 2.8, 6.1);(0.9999353);(-0.4, -0.7, -1.2);(1.9, 1.0, -13.6)
(12.6, 2.8, 6.1);(0.9999585);(-0.5, -0.7, -1.2);(1.9, 1.0, -13.6)
(12.6, 2.8, 6.1);(0.9999141);(-0.3, -0.6, -1.3);(1.9, 1.0, -13.6)
(12.6, 2.8, 6.1);(0.9998953);(-0.4, -0.7, -1.3);(1.9, 1.0, -13.6)
(12.6, 2.7, 6.0);(0.9998869);(-0.4, -0.8, -1.3);(1.9, 1.0, -13.6)
(12.6, 2.7, 6.0);(0.9998882);(-0.4, -0.8, -1.3);(1.9, 1.0, -13.6)
(12.6, 2.7, 6.0);(0.9998581);(-0.4, -0.8, -1.3);(1.9, 1.0, -13.6)
(12.6, 2.7, 5.9);(0.999873);(-0.5, -0.7, -1.2);(1.9, 1.0, -13.6)
(12.6, 2.7, 5.9);(0.9998593);(-0.4, -0.7, -1.3);(1.9, 1.0, -13.6)
(12.6, 2.7, 5.9);(0.9998591);(-0.4, -0.7, -1.2);(1.9, 1.0, -13.6)
(12.6, 2.7, 5.9);(0.9998749);(-0.4, -0.7, -1.2);(1.9, 1.0, -13.6)
(12.6, 2.6, 5.8);(0.9998751);(-0.4, -0.7, -1.2);(1.9, 1.0, -13.6)
(12.6, 2.6, 5.8);(0.9998165);(-0.3, -0.6, -1.3);(1.9, 1.0, -13.6)
(12.5, 2.6, 5.8);(0.9997529);(-0.4, -0.8, -1.3);(1.9, 1.0, -13.6)
(12.5, 2.6, 5.8);(0.9997087);(-0.5, -0.9, -1.4);(1.9, 1.0, -13.6)
(12.5, 2.6, 5.7);(0.9997069);(-0.4, -0.9, -1.2);(1.9, 1.0, -13.6)
(12.5, 2.6, 5.7);(0.9996541);(-0.4, -0.9, -1.3);(1.9, 1.0, -13.6)
(12.5, 2.5, 5.7);(0.9996341);(-0.5, -0.8, -1.3);(1.9, 1.0, -13.6)
(12.5, 2.5, 5.7);(0.9996356);(-0.4, -0.8, -1.2);(1.9, 1.0, -13.6)
(12.5, 2.5, 5.6);(0.9996158);(-0.5, -0.8, -1.3);(1.9, 1.0, -13.6)
(12.5, 2.5, 5.6);(0.9995787);(-0.5, -0.7, -1.3);(1.9, 1.0, -13.6)
(12.5, 2.5, 5.6);(0.9995932);(-0.5, -0.7, -1.3);(1.9, 1.0, -13.6)
(12.5, 2.5, 5.5);(0.999585);(-0.4, -0.6, -1.2);(1.9, 1.0, -13.6)
(12.5, 2.5, 5.5);(0.9995465);(-0.5, -0.6, -1.3);(1.9, 1.0, -13.6)
(12.4, 2.4, 5.5);(0.9994882);(-0.5, -0.6, -1.3);(1.9, 1.0, -13.6)
(12.4, 2.4, 5.5);(0.9994572);(-0.5, -0.6, -1.3);(1.9, 1.0, -13.6)
(12.4, 2.4, 5.4);(0.999442);(-0.5, -0.5, -1.3);(1.9, 1.0, -13.6)
(12.4, 2.4, 5.4);(0.9994019);(-0.5, -0.4, -1.3);(1.9, 1.0, -13.6)
(12.4, 2.4, 5.4);(0.9993961);(-0.5, -0.4, -1.3);(1.9, 1.0, -13.6)
(12.4, 2.4, 5.4);(0.9993976);(-0.5, -0.5, -1.2);(1.9, 1.0, -13.6)
(12.4, 2.4, 5.3);(0.9994201);(-0.5, -0.5, -1.2);(1.9, 1.0, -13.6)
(12.4, 2.4, 5.3);(0.9993799);(-0.5, -0.4, -1.3);(1.9, 1.0, -13.6)
(12.4, 2.4, 5.3);(0.9993466);(-0.5, -0.5, -1.3);(1.9, 1.0, -13.6)
(12.4, 2.4, 5.3);(0.99932);(-0.5, -0.6, -1.3);(1.9, 1.0, -13.6)
(12.3, 2.3, 5.2);(0.9992997);(-0.5, -0.6, -1.3);(1.9, 1.0, -13.6)
(12.3, 2.3, 5.2);(0.9992968);(-0.5, -0.6, -1.2);(1.9, 1.0, -13.6)
(12.3, 2.3, 5.2);(0.9993269);(-0.5, -0.7, -1.2);(1.9, 1.0, -13.6)
(12.3, 2.3, 5.2);(0.9993173);(-0.5, -0.7, -1.2);(1.9, 1.0, -13.6)
(12.3, 2.3, 5.1);(0.9992539);(-0.5, -0.7, -1.3);(1.9, 1.0, -13.6)
(12.3, 2.3, 5.1);(0.9992429);(-0.6, -0.7, -1.2);(1.9, 1.0, -13.6)
(12.3, 2.3, 5.1);(0.9992526);(-0.4, -0.7, -1.2);(1.9, 1.0, -13.6)
(12.3, 2.2, 5.1);(0.9991916);(-0.5, -0.8, -1.3);(1.9, 1.0, -13.6)
(12.3, 2.2, 5.0);(0.999239);(-0.6, -0.7, -1.2);(1.9, 1.0, -13.6)
(12.2, 2.2, 5.0);(0.9992165);(-0.4, -0.7, -1.2);(1.9, 1.0, -13.6)
(12.2, 2.2, 5.0);(0.9991886);(-0.6, -0.7, -1.2);(1.9, 1.0, -13.6)
(12.2, 2.2, 5.0);(0.9991642);(-0.5, -0.7, -1.2);(1.9, 1.0, -13.6)
(12.2, 2.2, 4.9);(0.999194);(-0.4, -0.6, -1.2);(1.9, 1.0, -13.6)
(12.2, 2.2, 4.9);(0.999158);(-0.5, -0.6, -1.2);(1.9, 1.0, -13.6)
(12.2, 2.2, 4.9);(0.9991669);(-0.5, -0.6, -1.2);(1.9, 1.0, -13.6)
(12.2, 2.1, 4.9);(0.9991336);(-0.4, -0.5, -1.2);(1.9, 1.0, -13.6)
(12.2, 2.1, 4.8);(0.9990884);(-0.5, -0.5, -1.2);(1.9, 1.0, -13.6)
(12.2, 2.1, 4.8);(0.9991223);(-0.4, -0.4, -1.1);(1.9, 1.0, -13.6)
(12.2, 2.1, 4.8);(0.9990932);(-0.5, -0.4, -1.2);(1.9, 1.0, -13.6)
(12.2, 2.1, 4.8);(0.9991656);(-0.4, -0.4, -1.1);(1.9, 1.0, -13.6)
(12.1, 2.1, 4.7);(0.9991435);(-0.5, -0.3, -1.2);(1.9, 1.0, -13.6)
(12.1, 2.1, 4.7);(0.9991603);(-0.4, -0.4, -1.1);(1.9, 1.0, -13.6)
(12.1, 2.1, 4.7);(0.999158);(-0.6, -0.4, -1.2);(1.9, 1.0, -13.6)
(12.1, 2.1, 4.7);(0.9991715);(-0.5, -0.4, -1.1);(1.9, 1.0, -13.6)
(12.1, 2.1, 4.6);(0.9991637);(-0.4, -0.4, -1.2);(1.9, 1.0, -13.6)
(12.1, 2.1, 4.6);(0.9991575);(-0.5, -0.6, -1.2);(1.9, 1.0, -13.6)
(12.1, 2.1, 4.6);(0.9990744);(-0.5, -0.5, -1.2);(1.9, 1.0, -13.6)
(12.1, 2.0, 4.6);(0.9990582);(-0.5, -0.5, -1.2);(1.9, 1.0, -13.6)
(12.1, 2.0, 4.6);(0.9990326);(-0.4, -0.5, -1.2);(1.9, 1.0, -13.6)
(12.1, 2.0, 4.5);(0.998982);(-0.5, -0.5, -1.2);(1.9, 1.0, -13.6)
(12.1, 2.0, 4.5);(0.9990101);(-0.4, -0.5, -1.1);(1.9, 1.0, -13.6)
(12.0, 2.0, 4.5);(0.9990198);(-0.5, -0.5, -1.1);(1.9, 1.0, -13.6)
(12.0, 2.0, 4.5);(0.9990458);(-0.5, -0.5, -1.1);(1.9, 1.0, -13.6)
(12.0, 2.0, 4.4);(0.9990932);(-0.5, -0.6, -1.1);(1.9, 1.0, -13.6)
(12.0, 2.0, 4.4);(0.9990862);(-0.5, -0.4, -1.1);(1.9, 1.0, -13.6)
(12.0, 2.0, 4.4);(0.9990967);(-0.5, -0.5, -1.1);(1.9, 1.0, -13.6)
(12.0, 2.0, 4.4);(0.9990579);(-0.4, -0.5, -1.1);(1.9, 1.0, -13.6)
(12.0, 1.9, 4.4);(0.9990577);(-0.6, -0.5, -1.1);(1.9, 1.0, -13.6)
(12.0, 1.9, 4.3);(0.9990938);(-0.4, -0.4, -1.1);(1.9, 1.0, -13.6)
(12.0, 1.9, 4.3);(0.9990729);(-0.4, -0.6, -1.1);(1.9, 1.0, -13.6)
(12.0, 1.9, 4.3);(0.9990305);(-0.5, -0.6, -1.1);(1.9, 1.0, -13.6)
(11.9, 1.9, 4.3);(0.9990911);(-0.5, -0.6, -1.0);(1.9, 1.0, -13.6)
(11.9, 1.9, 4.2);(0.9991593);(-0.4, -0.6, -1.0);(1.9, 1.0, -13.6)
(11.9, 1.9, 4.2);(0.9991029);(-0.4, -0.5, -1.1);(1.9, 1.0, -13.6)
(11.9, 1.9, 4.2);(0.9991223);(-0.5, -0.5, -1.1);(1.9, 1.0, -13.6)
(11.9, 1.9, 4.2);(0.9991835);(-0.4, -0.4, -1.0);(1.9, 1.0, -13.6)
(11.9, 1.9, 4.2);(0.9991125);(-0.6, -0.4, -1.2);(1.9, 1.0, -13.6)
(11.9, 1.8, 4.1);(0.999145);(-0.5, -0.4, -1.0);(1.9, 1.0, -13.6)
(11.9, 1.8, 4.1);(0.9991433);(-0.5, -0.4, -1.1);(1.9, 1.0, -13.6)
(11.9, 1.8, 4.1);(0.9991355);(-0.5, -0.4, -1.1);(1.9, 1.0, -13.6)
(11.9, 1.8, 4.1);(0.9991913);(-0.5, -0.4, -1.0);(1.9, 1.0, -13.6)
(11.8, 1.8, 4.1);(0.9991983);(-0.5, -0.5, -1.1);(1.9, 1.0, -13.6)
(11.8, 1.8, 4.0);(0.999179);(-0.5, -0.5, -1.1);(1.9, 1.0, -13.6)
(11.8, 1.8, 4.0);(0.9991331);(-0.6, -0.4, -1.1);(1.9, 1.0, -13.6)
(11.8, 1.8, 4.0);(0.9991086);(-0.5, -0.4, -1.1);(1.9, 1.0, -13.6)
(11.8, 1.8, 4.0);(0.9991421);(-0.5, -0.4, -1.0);(1.9, 1.0, -13.6)
(11.8, 1.8, 3.9);(0.9990927);(-0.4, -0.4, -1.1);(1.9, 1.0, -13.6)
(11.8, 1.8, 3.9);(0.9990721);(-0.5, -0.5, -1.1);(1.9, 1.0, -13.6)
(11.8, 1.7, 3.9);(0.999145);(-0.5, -0.4, -1.0);(1.9, 1.0, -13.6)
(11.8, 1.7, 3.9);(0.9991495);(-0.5, -0.4, -1.0);(1.9, 1.0, -13.6)
(11.8, 1.7, 3.9);(0.9991416);(-0.5, -0.4, -1.0);(1.9, 1.0, -13.6)
(11.7, 1.7, 3.8);(0.9991728);(-0.4, -0.4, -1.0);(1.9, 1.0, -13.6)
(11.7, 1.7, 3.8);(0.9990906);(-0.5, -0.5, -1.1);(1.9, 1.0, -13.6)
(11.7, 1.7, 3.8);(0.9991121);(-0.4, -0.5, -1.0);(1.9, 1.0, -13.6)
(11.7, 1.7, 3.8);(0.9990646);(-0.5, -0.5, -1.1);(1.9, 1.0, -13.6)
(11.7, 1.7, 3.8);(0.9991165);(-0.5, -0.5, -1.0);(1.9, 1.0, -13.6)
(11.7, 1.7, 3.7);(0.9992469);(-0.4, -0.3, -0.9);(1.9, 1.0, -13.6)
(11.7, 1.7, 3.7);(0.9992353);(-0.4, -0.4, -1.0);(1.9, 1.0, -13.6)
(11.7, 1.7, 3.7);(0.9992324);(-0.4, -0.4, -1.0);(1.9, 1.0, -13.6)
(11.7, 1.7, 3.7);(0.9992191);(-0.5, -0.5, -1.0);(1.9, 1.0, -13.6)
(11.7, 1.6, 3.7);(0.9992273);(-0.4, -0.4, -1.0);(1.9, 1.0, -13.6)
(11.7, 1.6, 3.6);(0.9991808);(-0.4, -0.5, -1.1);(1.9, 1.0, -13.6)
(11.6, 1.6, 3.6);(0.9991553);(-0.5, -0.5, -1.0);(1.9, 1.0, -13.6)
(11.6, 1.6, 3.6);(0.9991121);(-0.5, -0.4, -1.0);(1.9, 1.0, -13.6)
(11.6, 1.6, 3.6);(0.999112);(-0.4, -0.4, -1.0);(1.9, 1.0, -13.6)
(11.6, 1.6, 3.6);(0.9990534);(-0.5, -0.4, -1.0);(1.9, 1.0, -13.6)
(11.6, 1.6, 3.5);(0.9991341);(-0.4, -0.3, -0.9);(1.9, 1.0, -13.6)
(11.6, 1.6, 3.5);(0.9991287);(-0.3, -0.3, -1.0);(1.9, 1.0, -13.6)
(11.6, 1.6, 3.5);(0.9990972);(-0.4, -0.4, -1.0);(1.9, 1.0, -13.6)
(11.6, 1.6, 3.5);(0.9990588);(-0.5, -0.4, -1.0);(1.9, 1.0, -13.6)
(11.6, 1.6, 3.5);(0.9991599);(-0.5, -0.3, -0.9);(1.9, 1.0, -13.6)
(11.6, 1.6, 3.4);(0.9991471);(-0.4, -0.3, -1.0);(1.9, 1.0, -13.6)
(11.6, 1.6, 3.4);(0.9990829);(-0.4, -0.4, -1.0);(1.9, 1.0, -13.6)
(11.6, 1.5, 3.4);(0.9991128);(-0.4, -0.3, -0.9);(1.9, 1.0, -13.6)
(11.6, 1.5, 3.4);(0.9991934);(-0.4, -0.2, -0.9);(1.9, 1.0, -13.6)
(11.5, 1.5, 3.4);(0.9991711);(-0.4, -0.3, -1.0);(1.9, 1.0, -13.6)
(11.5, 1.5, 3.3);(0.9991705);(-0.5, -0.3, -1.0);(1.9, 1.0, -13.6)
(11.5, 1.5, 3.3);(0.9991975);(-0.4, -0.4, -0.9);(1.9, 1.0, -13.6)
(11.5, 1.5, 3.3);(0.9992008);(-0.4, -0.3, -1.0);(1.9, 1.0, -13.6)
(11.5, 1.5, 3.3);(0.9992727);(-0.4, -0.3, -0.9);(1.9, 1.0, -13.6)
(11.5, 1.5, 3.3);(0.9992619);(-0.4, -0.3, -1.0);(1.9, 1.0, -13.6)
(11.5, 1.5, 3.3);(0.9992648);(-0.4, -0.2, -0.9);(1.9, 1.0, -13.6)
(11.5, 1.5, 3.2);(0.999252);(-0.4, -0.2, -1.0);(1.9, 1.0, -13.6)
(11.5, 1.5, 3.2);(0.9992493);(-0.5, -0.1, -0.9);(1.9, 1.0, -13.6)
(11.5, 1.5, 3.2);(0.9993812);(-0.4, 0.0, -0.8);(1.9, 1.0, -13.6)
(11.5, 1.5, 3.2);(0.9994003);(-0.4, 0.0, -0.9);(1.9, 1.0, -13.6)
(11.4, 1.5, 3.2);(0.9993827);(-0.4, -0.1, -1.0);(1.9, 1.0, -13.6)
(11.4, 1.5, 3.1);(0.9992988);(-0.4, -0.1, -1.0);(1.9, 1.0, -13.6)
(11.4, 1.5, 3.1);(0.9993573);(-0.5, -0.1, -0.9);(1.9, 1.0, -13.6)
(11.4, 1.5, 3.1);(0.999438);(-0.4, -0.1, -0.8);(1.9, 1.0, -13.6)
(11.4, 1.5, 3.1);(0.9994773);(-0.4, -0.1, -0.9);(1.9, 1.0, -13.6)
(11.4, 1.5, 3.1);(0.9994907);(-0.4, -0.1, -0.9);(1.9, 1.0, -13.6)
(11.4, 1.5, 3.1);(0.999485);(-0.4, 0.0, -0.9);(1.9, 1.0, -13.6)
(11.4, 1.5, 3.0);(0.9994684);(-0.4, 0.0, -1.0);(1.9, 1.0, -13.6)
(11.4, 1.5, 3.0);(0.9994269);(-0.5, 0.0, -1.0);(1.9, 1.0, -13.6)
(11.4, 1.5, 3.0);(0.9994439);(-0.4, -0.1, -0.9);(1.9, 1.0, -13.6)
(11.4, 1.5, 3.0);(0.999449);(-0.4, -0.1, -0.9);(1.9, 1.0, -13.6)
(11.4, 1.5, 3.0);(0.9994481);(-0.4, -0.2, -0.9);(1.9, 1.0, -13.6)
(11.3, 1.5, 2.9);(0.9994313);(-0.5, -0.2, -0.9);(1.9, 1.0, -13.6)
(11.3, 1.5, 2.9);(0.9995022);(-0.4, -0.1, -0.8);(1.9, 1.0, -13.6)
(11.3, 1.5, 2.9);(0.9994481);(-0.4, -0.1, -1.0);(1.9, 1.0, -13.6)
(11.3, 1.5, 2.9);(0.9994017);(-0.4, -0.2, -1.0);(1.9, 1.0, -13.6)
(11.3, 1.5, 2.9);(0.9994502);(-0.5, -0.2, -0.9);(1.9, 1.0, -13.6)
(11.3, 1.5, 2.9);(0.9994801);(-0.4, -0.2, -0.9);(1.9, 1.0, -13.6)
(11.3, 1.5, 2.8);(0.9994802);(-0.4, -0.2, -0.9);(1.9, 1.0, -13.6)
(11.3, 1.4, 2.8);(0.9994751);(-0.4, -0.4, -0.9);(1.9, 1.0, -13.6)
(11.3, 1.4, 2.8);(0.9994633);(-0.5, -0.4, -0.9);(1.9, 1.0, -13.6)
(11.3, 1.4, 2.8);(0.9994864);(-0.4, -0.3, -0.9);(1.9, 1.0, -13.6)
(11.3, 1.4, 2.8);(0.9994919);(-0.3, -0.3, -0.9);(1.9, 1.0, -13.6)
(11.3, 1.4, 2.7);(0.9994721);(-0.5, -0.3, -0.9);(1.9, 1.0, -13.6)
(11.2, 1.4, 2.7);(0.9994886);(-0.4, -0.4, -0.9);(1.9, 1.0, -13.6)
(11.2, 1.4, 2.7);(0.9995103);(-0.4, -0.3, -0.9);(1.9, 1.0, -13.6)
(11.2, 1.4, 2.7);(0.9994985);(-0.4, -0.3, -0.9);(1.9, 1.0, -13.6)
(11.2, 1.4, 2.7);(0.999495);(-0.3, -0.2, -0.9);(1.9, 1.0, -13.6)
(11.2, 1.4, 2.7);(0.9994721);(-0.5, -0.2, -0.9);(1.9, 1.0, -13.6)
(11.2, 1.4, 2.6);(0.9995317);(-0.3, -0.2, -0.9);(1.9, 1.0, -13.6)
(11.2, 1.4, 2.6);(0.9995148);(-0.4, -0.2, -0.9);(1.9, 1.0, -13.6)
(11.2, 1.4, 2.6);(0.9995024);(-0.4, -0.2, -0.9);(1.9, 1.0, -13.6)
(11.2, 1.4, 2.6);(0.9994425);(-0.4, -0.2, -1.0);(1.9, 1.0, -13.6)
(11.2, 1.4, 2.6);(0.999491);(-0.5, -0.1, -0.8);(1.9, 1.0, -13.6)
(11.2, 1.4, 2.5);(0.9995279);(-0.4, -0.1, -0.9);(1.9, 1.0, -13.6)
(11.2, 1.4, 2.5);(0.999504);(-0.4, -0.1, -0.9);(1.9, 1.0, -13.6)
(11.1, 1.4, 2.5);(0.9994944);(-0.3, 0.0, -0.9);(1.9, 1.0, -13.6)
(11.1, 1.4, 2.5);(0.9994977);(-0.4, 0.0, -0.9);(1.9, 1.0, -13.6)
(11.1, 1.4, 2.5);(0.9995694);(-0.4, 0.0, -0.8);(1.9, 1.0, -13.6)
(11.1, 1.4, 2.5);(0.9995003);(-0.4, 0.2, -1.0);(1.9, 1.0, -13.6)
(11.1, 1.4, 2.4);(0.9994675);(-0.4, 0.1, -0.9);(1.9, 1.0, -13.6)
(11.1, 1.4, 2.4);(0.999478);(-0.4, 0.2, -0.9);(1.9, 1.0, -13.6)
(11.1, 1.4, 2.4);(0.9995473);(-0.3, 0.2, -0.8);(1.9, 1.0, -13.6)
(11.1, 1.4, 2.4);(0.9995673);(-0.3, 0.1, -0.9);(1.9, 1.0, -13.6)
(11.1, 1.4, 2.4);(0.9995645);(-0.4, 0.0, -0.9);(1.9, 1.0, -13.6)
(11.1, 1.4, 2.4);(0.9995944);(-0.4, 0.0, -0.9);(1.9, 1.0, -13.6)
(11.1, 1.4, 2.3);(0.9996148);(-0.3, -0.1, -0.9);(1.9, 1.0, -13.6)
(11.1, 1.4, 2.3);(0.9995948);(-0.4, 0.0, -0.9);(1.9, 1.0, -13.6)
(11.1, 1.4, 2.3);(0.9996359);(-0.4, -0.1, -0.8);(1.9, 1.0, -13.6)
(11.1, 1.4, 2.3);(0.9996657);(-0.4, -0.2, -0.9);(1.9, 1.0, -13.6)
(11.0, 1.4, 2.3);(0.9996619);(-0.3, -0.2, -0.9);(1.9, 1.0, -13.6)
(11.0, 1.4, 2.3);(0.9996449);(-0.4, -0.2, -0.9);(1.9, 1.0, -13.6)
(11.0, 1.4, 2.2);(0.9996524);(-0.3, -0.1, -0.9);(1.9, 1.0, -13.6)
(11.0, 1.4, 2.2);(0.9995891);(-0.4, -0.1, -1.0);(1.9, 1.0, -13.6)
(11.0, 1.4, 2.2);(0.9996139);(-0.4, -0.1, -0.9);(1.9, 1.0, -13.6)
(11.0, 1.4, 2.2);(0.9995942);(-0.3, -0.1, -0.9);(1.9, 1.0, -13.6)
(11.0, 1.4, 2.2);(0.9995536);(-0.3, -0.2, -1.0);(1.9, 1.0, -13.6)
(11.0, 1.4, 2.1);(0.9995083);(-0.4, -0.2, -0.9);(1.9, 1.0, -13.6)
(11.0, 1.4, 2.1);(0.9995959);(-0.3, -0.1, -0.8);(1.9, 1.0, -13.6)
(11.0, 1.4, 2.1);(0.9996209);(-0.3, -0.2, -0.9);(1.9, 1.0, -13.6)
(11.0, 1.3, 2.1);(0.9995612);(-0.4, -0.1, -1.0);(1.9, 1.0, -13.6)
(11.0, 1.3, 2.1);(0.999566);(-0.4, -0.1, -0.9);(1.9, 1.0, -13.6)
(11.0, 1.3, 2.0);(0.9995517);(-0.3, -0.1, -0.9);(1.9, 1.0, -13.6)
(11.0, 1.3, 2.0);(0.9994993);(-0.4, -0.1, -1.0);(1.9, 1.0, -13.6)
(11.0, 1.3, 2.0);(0.9995227);(-0.4, -0.2, -0.9);(1.9, 1.0, -13.6)
(11.0, 1.3, 2.0);(0.9994752);(-0.2, 0.0, -0.9);(1.9, 1.0, -13.6)
(11.0, 1.3, 2.0);(0.9994012);(-0.2, -0.2, -1.0);(1.9, 1.0, -13.6)
(11.0, 1.3, 1.9);(0.999311);(-0.3, -0.3, -1.0);(1.9, 1.0, -13.6)
(10.9, 1.3, 1.9);(0.9992617);(-0.4, -0.4, -1.0);(1.9, 1.0, -13.6)
(10.9, 1.3, 1.9);(0.9993483);(-0.6, -0.3, -0.8);(1.9, 1.0, -13.6)
(10.9, 1.3, 1.9);(0.9994289);(-0.4, -0.4, -0.8);(1.9, 1.0, -13.6)
(10.9, 1.3, 1.9);(0.9994572);(-0.3, -0.4, -0.8);(1.9, 1.0, -13.6)
(10.9, 1.3, 1.9);(0.9994646);(-0.4, -0.4, -0.9);(1.9, 1.0, -13.6)
(10.9, 1.3, 1.8);(0.9994529);(-0.3, -0.4, -0.9);(1.9, 1.0, -13.6)
(10.9, 1.3, 1.8);(0.999398);(-0.5, -0.3, -1.0);(1.9, 1.0, -13.6)
(10.9, 1.3, 1.8);(0.9994326);(-0.4, -0.4, -0.8);(1.9, 1.0, -13.6)
(10.9, 1.3, 1.8);(0.9993621);(-0.3, -0.3, -1.0);(1.9, 1.0, -13.6)
(10.9, 1.3, 1.8);(0.9993095);(-0.4, -0.4, -0.9);(1.9, 1.0, -13.6)
(10.9, 1.2, 1.7);(0.9993377);(-0.3, -0.4, -0.8);(1.9, 1.0, -13.6)
(10.8, 1.2, 1.7);(0.9992937);(-0.4, -0.4, -0.9);(1.9, 1.0, -13.6)
(10.8, 1.2, 1.7);(0.9993103);(-0.3, -0.4, -0.9);(1.9, 1.0, -13.6)
(10.8, 1.2, 1.7);(0.9992647);(-0.4, -0.4, -0.9);(1.9, 1.0, -13.6)
(10.8, 1.2, 1.7);(0.9993391);(-0.4, -0.3, -0.8);(1.9, 1.0, -13.6)
(10.8, 1.2, 1.7);(0.99936);(-0.3, -0.3, -0.8);(1.9, 1.0, -13.6)
(10.8, 1.2, 1.6);(0.9993458);(-0.4, -0.4, -0.9);(1.9, 1.0, -13.6)
(10.8, 1.2, 1.6);(0.9993738);(-0.4, -0.3, -0.8);(1.9, 1.0, -13.6)
(10.8, 1.2, 1.6);(0.9993552);(-0.4, -0.3, -0.9);(1.9, 1.0, -13.6)
(10.8, 1.2, 1.6);(0.9993634);(-0.4, -0.2, -0.8);(1.9, 1.0, -13.6)
(10.8, 1.2, 1.6);(0.9993916);(-0.4, -0.1, -0.8);(1.9, 1.0, -13.6)
(10.8, 1.2, 1.6);(0.9993817);(-0.3, -0.1, -0.9);(1.9, 1.0, -13.6)
(10.8, 1.2, 1.5);(0.999347);(-0.4, -0.1, -0.9);(1.9, 1.0, -13.6)
