(20.4, 37.0, 9.7);(0.9932644);(0.0, -5.2, 0.0);(2.2, 1.0, -10.2)
(20.4, 36.9, 9.7);(0.9932644);(0.0, -5.4, 0.0);(2.2, 1.0, -10.2)
(20.4, 36.8, 9.7);(0.9932644);(0.0, -5.6, 0.0);(2.2, 1.0, -10.2)
(20.4, 36.7, 9.7);(0.9932644);(0.0, -5.7, 0.0);(2.2, 1.0, -10.2)
(20.4, 36.5, 9.7);(0.9932644);(0.0, -5.9, 0.0);(2.2, 1.0, -10.2)
(20.4, 36.4, 9.7);(0.9932644);(0.0, -6.1, 0.0);(2.2, 1.0, -10.2)
(20.4, 36.3, 9.7);(0.9932644);(0.0, -6.3, 0.0);(2.2, 1.0, -10.2)
(20.4, 36.2, 9.7);(0.9932644);(0.0, -6.5, 0.0);(2.2, 1.0, -10.2)
(20.4, 36.0, 9.7);(0.9932644);(0.0, -6.7, 0.0);(2.2, 1.0, -10.2)
(20.4, 35.9, 9.7);(0.9932644);(0.0, -6.8, 0.0);(2.2, 1.0, -10.2)
(20.4, 35.7, 9.7);(0.9932644);(0.0, -7.0, 0.0);(2.2, 1.0, -10.2)
(20.4, 35.6, 9.7);(0.9932644);(0.0, -7.2, 0.0);(2.2, 1.0, -10.2)
(20.4, 35.5, 9.7);(0.9932644);(0.0, -7.4, 0.0);(2.2, 1.0, -10.2)
(20.4, 35.3, 9.7);(0.9932644);(0.0, -7.6, 0.0);(2.2, 1.0, -10.2)
(20.4, 35.1, 9.7);(0.9932644);(0.0, -7.7, 0.0);(2.2, 1.0, -10.2)
(20.4, 35.0, 9.7);(0.9932644);(0.0, -7.9, 0.0);(2.2, 1.0, -10.2)
(20.4, 34.8, 9.7);(0.9932644);(0.0, -8.1, 0.0);(2.2, 1.0, -10.2)
(20.4, 34.7, 9.7);(0.9932644);(0.0, -8.3, 0.0);(2.2, 1.0, -10.2)
(20.4, 34.5, 9.7);(0.9932644);(0.0, -8.5, 0.0);(2.2, 1.0, -10.2)
(20.4, 34.3, 9.7);(0.9932644);(0.0, -8.6, 0.0);(2.2, 1.0, -10.2)
(20.4, 34.1, 9.7);(0.9932644);(0.0, -8.8, 0.0);(2.2, 1.0, -10.2)
(20.4, 34.0, 9.7);(0.9932644);(0.0, -9.0, 0.0);(2.2, 1.0, -10.2)
(20.4, 33.8, 9.7);(0.9932644);(0.0, -9.2, 0.0);(2.2, 1.0, -10.2)
(20.4, 33.6, 9.7);(0.9932644);(0.0, -9.4, 0.0);(2.2, 1.0, -10.2)
(20.4, 33.4, 9.7);(0.9932644);(0.0, -9.5, 0.0);(2.2, 1.0, -10.2)
(20.4, 33.2, 9.7);(0.9932644);(0.0, -9.7, 0.0);(2.2, 1.0, -10.2)
(20.4, 33.0, 9.7);(0.9932644);(0.0, -9.9, 0.0);(2.2, 1.0, -10.2)
(20.4, 32.8, 9.7);(0.9932644);(0.0, -10.1, 0.0);(2.2, 1.0, -10.2)
(20.4, 32.6, 9.7);(0.9932644);(0.0, -10.2, 0.0);(2.2, 1.0, -10.2)
(20.4, 32.4, 9.7);(0.9932644);(0.0, -10.4, 0.0);(2.2, 1.0, -10.2)
(20.4, 32.2, 9.7);(0.9932644);(0.0, -10.6, 0.0);(2.2, 1.0, -10.2)
(20.4, 32.0, 9.7);(0.9932644);(0.0, -10.8, 0.0);(2.2, 1.0, -10.2)
(20.4, 31.7, 9.7);(0.9932644);(0.0, -10.9, 0.0);(2.2, 1.0, -10.2)
(20.4, 31.5, 9.7);(0.9932644);(0.0, -11.1, 0.0);(2.2, 1.0, -10.2)
(20.4, 31.3, 9.7);(0.9932644);(0.0, -11.3, 0.0);(2.2, 1.0, -10.2)
(20.4, 31.1, 9.7);(0.9932644);(0.0, -11.5, 0.0);(2.2, 1.0, -10.2)
(20.4, 30.8, 9.7);(0.9932644);(0.0, -11.6, 0.0);(2.2, 1.0, -10.2)
(20.4, 30.6, 9.7);(0.9932644);(0.0, -11.8, 0.0);(2.2, 1.0, -10.2)
(20.4, 30.4, 9.7);(0.9932644);(0.0, -12.0, 0.0);(2.2, 1.0, -10.2)
(20.4, 30.1, 9.7);(0.9932644);(0.0, -12.1, 0.0);(2.2, 1.0, -10.2)
(20.4, 29.9, 9.7);(0.9932644);(0.0, -12.3, 0.0);(2.2, 1.0, -10.2)
(20.4, 29.6, 9.7);(0.9932644);(0.0, -12.5, 0.0);(2.2, 1.0, -10.2)
(20.4, 29.4, 9.7);(0.9932494);(0.0, -12.6, 0.0);(2.2, 1.0, -10.2)
(20.4, 29.1, 9.7);(0.9932343);(0.0, -12.8, 0.0);(2.2, 1.0, -10.2)
(20.4, 28.9, 9.7);(0.9932545);(0.1, -12.8, 0.0);(2.2, 1.0, -10.2)
(20.4, 28.6, 9.7);(0.99327);(0.1, -13.0, 0.0);(2.2, 1.0, -10.2)
(20.4, 28.3, 9.7);(0.9932376);(0.1, -13.1, 0.0);(2.2, 1.0, -10.2)
(20.4, 28.1, 9.7);(0.9931744);(0.1, -13.2, 0.0);(2.2, 1.0, -10.2)
(20.4, 27.8, 9.7);(0.992953);(0.1, -13.3, 0.0);(2.2, 1.0, -10.2)
(20.4, 27.5, 9.7);(0.9926862);(0.0, -13.3, 0.0);(2.2, 1.0, -10.2)
(20.4, 27.3, 9.7);(0.9922975);(0.1, -13.2, 0.0);(2.2, 1.0, -10.2)
(20.4, 27.0, 9.7);(0.9918428);(0.0, -13.3, -0.1);(2.2, 1.0, -10.2)
(20.4, 26.7, 9.7);(0.9914029);(0.0, -13.3, 0.0);(2.2, 1.0, -10.2)
(20.4, 26.5, 9.7);(0.9911777);(0.0, -13.3, 0.0);(2.2, 1.0, -10.2)
(20.4, 26.2, 9.7);(0.9907287);(0.0, -13.3, 0.0);(2.2, 1.0, -10.2)
(20.4, 25.9, 9.7);(0.9902487);(-0.1, -13.3, 0.0);(2.2, 1.0, -10.2)
(20.4, 25.7, 9.7);(0.9898417);(0.0, -13.2, 0.0);(2.2, 1.0, -10.2)
(20.4, 25.4, 9.7);(0.9893876);(-0.1, -13.2, 0.0);(2.2, 1.0, -10.2)
(20.4, 25.2, 9.7);(0.9888456);(-0.1, -13.0, 0.1);(2.2, 1.0, -10.2)
(20.4, 24.9, 9.7);(0.9886243);(-0.2, -13.0, 0.1);(2.2, 1.0, -10.2)
(20.4, 24.6, 9.7);(0.9883058);(-0.2, -13.0, 0.1);(2.2, 1.0, -10.2)
(20.4, 24.4, 9.7);(0.9879976);(-0.2, -12.9, 0.2);(2.2, 1.0, -10.2)
(20.4, 24.1, 9.7);(0.9877284);(-0.1, -12.9, 0.2);(2.2, 1.0, -10.2)
(20.4, 23.9, 9.7);(0.9878984);(-0.2, -12.8, 0.3);(2.2, 1.0, -10.2)
(20.4, 23.6, 9.7);(0.9876021);(-0.2, -12.6, 0.3);(2.2, 1.0, -10.2)
(20.4, 23.4, 9.7);(0.9874989);(-0.1, -12.4, 0.4);(2.2, 1.0, -10.2)
(20.4, 23.1, 9.7);(0.9876598);(-0.3, -12.3, 0.4);(2.2, 1.0, -10.2)
(20.4, 22.9, 9.7);(0.9874631);(-0.2, -12.2, 0.4);(2.2, 1.0, -10.2)
(20.3, 22.6, 9.7);(0.9872171);(-0.3, -12.2, 0.4);(2.2, 1.0, -10.2)
(20.3, 22.4, 9.8);(0.9869497);(-0.3, -12.2, 0.4);(2.2, 1.0, -10.2)
(20.3, 22.2, 9.8);(0.9871638);(-0.3, -12.1, 0.5);(2.2, 1.0, -10.2)
(20.3, 21.9, 9.8);(0.9873713);(-0.3, -12.0, 0.6);(2.2, 1.0, -10.2)
(20.3, 21.7, 9.8);(0.9874615);(-0.3, -11.8, 0.6);(2.2, 1.0, -10.2)
(20.3, 21.4, 9.8);(0.9875255);(-0.3, -11.8, 0.6);(2.2, 1.0, -10.2)
(20.3, 21.2, 9.8);(0.9874842);(-0.3, -11.7, 0.6);(2.2, 1.0, -10.2)
(20.3, 21.0, 9.8);(0.9875084);(-0.4, -11.6, 0.6);(2.2, 1.0, -10.2)
(20.3, 20.7, 9.8);(0.9875435);(-0.3, -11.6, 0.7);(2.2, 1.0, -10.2)
(20.3, 20.5, 9.9);(0.9877032);(-0.5, -11.5, 0.7);(2.2, 1.0, -10.2)
(20.3, 20.3, 9.9);(0.9878152);(-0.5, -11.4, 0.7);(2.2, 1.0, -10.2)
(20.3, 20.1, 9.9);(0.9880714);(-0.5, -11.3, 0.8);(2.2, 1.0, -10.2)
(20.2, 19.8, 9.9);(0.9886305);(-0.5, -11.1, 0.9);(2.2, 1.0, -10.2)
(20.2, 19.6, 9.9);(0.9890003);(-0.5, -11.0, 0.9);(2.2, 1.0, -10.2)
(20.2, 19.4, 10.0);(0.9893194);(-0.5, -10.9, 0.9);(2.2, 1.0, -10.2)
(20.2, 19.2, 10.0);(0.9894124);(-0.5, -10.7, 0.9);(2.2, 1.0, -10.2)
(20.2, 19.0, 10.0);(0.9896698);(-0.6, -10.7, 1.0);(2.2, 1.0, -10.2)
(20.2, 18.8, 10.0);(0.9902692);(-0.6, -10.6, 1.1);(2.2, 1.0, -10.2)
(20.2, 18.6, 10.0);(0.9906781);(-0.5, -10.4, 1.1);(2.2, 1.0, -10.2)
(20.2, 18.3, 10.1);(0.9908778);(-0.4, -10.2, 1.1);(2.2, 1.0, -10.2)
(20.2, 18.1, 10.1);(0.9910306);(-0.5, -10.2, 1.1);(2.2, 1.0, -10.2)
(20.1, 17.9, 10.1);(0.9910206);(-0.6, -10.1, 1.0);(2.2, 1.0, -10.2)
(20.1, 17.7, 10.1);(0.991186);(-0.6, -10.0, 1.1);(2.2, 1.0, -10.2)
(20.1, 17.5, 10.2);(0.9916471);(-0.7, -9.9, 1.2);(2.2, 1.0, -10.2)
(20.1, 17.3, 10.2);(0.9918328);(-0.6, -9.7, 1.2);(2.2, 1.0, -10.2)
(20.1, 17.2, 10.2);(0.992046);(-0.6, -9.6, 1.2);(2.2, 1.0, -10.2)
(20.1, 17.0, 10.2);(0.9924515);(-0.6, -9.5, 1.3);(2.2, 1.0, -10.2)
(20.1, 16.8, 10.3);(0.9928063);(-0.6, -9.5, 1.3);(2.2, 1.0, -10.2)
(20.0, 16.6, 10.3);(0.9928399);(-0.7, -9.3, 1.2);(2.2, 1.0, -10.2)
(20.0, 16.4, 10.3);(0.9933487);(-0.7, -9.2, 1.3);(2.2, 1.0, -10.2)
(20.0, 16.2, 10.4);(0.9936085);(-0.7, -9.1, 1.3);(2.2, 1.0, -10.2)
(20.0, 16.0, 10.4);(0.9941273);(-0.6, -9.1, 1.4);(2.2, 1.0, -10.2)
(20.0, 15.9, 10.4);(0.9940907);(-0.6, -8.8, 1.3);(2.2, 1.0, -10.2)
(20.0, 15.7, 10.4);(0.994368);(-0.7, -8.9, 1.4);(2.2, 1.0, -10.2)
(20.0, 15.5, 10.5);(0.9946502);(-0.6, -8.7, 1.4);(2.2, 1.0, -10.2)
(19.9, 15.3, 10.5);(0.9948139);(-0.6, -8.7, 1.4);(2.2, 1.0, -10.2)
(19.9, 15.2, 10.5);(0.9950148);(-0.7, -8.6, 1.4);(2.2, 1.0, -10.2)
(19.9, 15.0, 10.6);(0.9954517);(-0.7, -8.5, 1.5);(2.2, 1.0, -10.2)
(19.9, 14.8, 10.6);(0.995661);(-0.7, -8.4, 1.4);(2.2, 1.0, -10.2)
(19.9, 14.7, 10.6);(0.9960296);(-0.7, -8.4, 1.5);(2.2, 1.0, -10.2)
(19.9, 14.5, 10.7);(0.9963296);(-0.7, -8.4, 1.5);(2.2, 1.0, -10.2)
(19.9, 14.3, 10.7);(0.996621);(-0.6, -8.2, 1.5);(2.2, 1.0, -10.2)
(19.8, 14.2, 10.7);(0.9968693);(-0.7, -8.2, 1.5);(2.2, 1.0, -10.2)
(19.8, 14.0, 10.8);(0.9969385);(-0.7, -8.1, 1.4);(2.2, 1.0, -10.2)
(19.8, 13.8, 10.8);(0.9970961);(-0.8, -8.1, 1.5);(2.2, 1.0, -10.2)
(19.8, 13.7, 10.8);(0.9974486);(-0.8, -8.0, 1.6);(2.2, 1.0, -10.2)
(19.8, 13.5, 10.9);(0.9977942);(-0.8, -7.8, 1.6);(2.2, 1.0, -10.2)
(19.8, 13.4, 10.9);(0.9980208);(-0.7, -7.7, 1.6);(2.2, 1.0, -10.2)
(19.7, 13.2, 10.9);(0.9981282);(-0.8, -7.6, 1.5);(2.2, 1.0, -10.2)
(19.7, 13.1, 11.0);(0.9985391);(-0.7, -7.4, 1.7);(2.2, 1.0, -10.2)
(19.7, 12.9, 11.0);(0.9987189);(-0.7, -7.4, 1.6);(2.2, 1.0, -10.2)
(19.7, 12.8, 11.1);(0.9988658);(-0.8, -7.2, 1.5);(2.2, 1.0, -10.2)
(19.7, 12.6, 11.1);(0.9989665);(-0.7, -7.1, 1.5);(2.2, 1.0, -10.2)
(19.7, 12.5, 11.1);(0.999121);(-0.7, -7.1, 1.6);(2.2, 1.0, -10.2)
(19.6, 12.4, 11.2);(0.9992229);(-0.7, -7.0, 1.5);(2.2, 1.0, -10.2)
(19.6, 12.2, 11.2);(0.9993266);(-0.8, -6.9, 1.5);(2.2, 1.0, -10.2)
(19.6, 12.1, 11.2);(0.9994935);(-0.8, -6.8, 1.6);(2.2, 1.0, -10.2)
(19.6, 11.9, 11.3);(0.9995995);(-0.7, -6.6, 1.6);(2.2, 1.0, -10.2)
(19.6, 11.8, 11.3);(0.9997099);(-0.7, -6.5, 1.6);(2.2, 1.0, -10.2)
(19.6, 11.7, 11.3);(0.9997746);(-0.8, -6.4, 1.5);(2.2, 1.0, -10.2)
(19.6, 11.6, 11.4);(0.9998584);(-0.8, -6.4, 1.6);(2.2, 1.0, -10.2)
(19.5, 11.4, 11.4);(0.9999131);(-0.8, -6.2, 1.5);(2.2, 1.0, -10.2)
(19.5, 11.3, 11.4);(0.9999341);(-0.7, -6.1, 1.5);(2.2, 1.0, -10.2)
(19.5, 11.2, 11.5);(0.9999673);(-0.8, -6.0, 1.5);(2.2, 1.0, -10.2)
(19.5, 11.1, 11.5);(0.9999869);(-0.8, -5.8, 1.5);(2.2, 1.0, -10.2)
(19.5, 11.0, 11.5);(0.9999857);(-0.8, -5.7, 1.4);(2.2, 1.0, -10.2)
(19.4, 10.8, 11.6);(0.9999694);(-0.8, -5.8, 1.5);(2.2, 1.0, -10.2)
(19.4, 10.7, 11.6);(0.9999365);(-0.7, -5.7, 1.4);(2.2, 1.0, -10.2)
(19.4, 10.6, 11.6);(0.9999391);(-0.8, -5.6, 1.3);(2.2, 1.0, -10.2)
(19.4, 10.5, 11.7);(0.9998941);(-0.7, -5.6, 1.4);(2.2, 1.0, -10.2)
(19.4, 10.4, 11.7);(0.9998948);(-0.7, -5.4, 1.2);(2.2, 1.0, -10.2)
(19.4, 10.3, 11.7);(0.9998808);(-0.7, -5.3, 1.3);(2.2, 1.0, -10.2)
(19.4, 10.2, 11.7);(0.9998673);(-0.8, -5.2, 1.3);(2.2, 1.0, -10.2)
(19.3, 10.1, 11.8);(0.9998202);(-0.7, -5.0, 1.3);(2.2, 1.0, -10.2)
(19.3, 10.0, 11.8);(0.9997598);(-0.8, -4.9, 1.3);(2.2, 1.0, -10.2)
(19.3, 9.9, 11.8);(0.9997288);(-0.8, -4.9, 1.2);(2.2, 1.0, -10.2)
(19.3, 9.8, 11.9);(0.9996703);(-0.8, -4.9, 1.2);(2.2, 1.0, -10.2)
(19.3, 9.7, 11.9);(0.9996354);(-0.7, -4.8, 1.2);(2.2, 1.0, -10.2)
(19.3, 9.6, 11.9);(0.9995839);(-0.8, -4.8, 1.2);(2.2, 1.0, -10.2)
(19.3, 9.5, 11.9);(0.9995368);(-0.7, -4.7, 1.2);(2.2, 1.0, -10.2)
(19.2, 9.4, 12.0);(0.9994311);(-0.8, -4.6, 1.2);(2.2, 1.0, -10.2)
(19.2, 9.3, 12.0);(0.9993297);(-0.7, -4.5, 1.2);(2.2, 1.0, -10.2)
(19.2, 9.2, 12.0);(0.9992207);(-0.7, -4.6, 1.1);(2.2, 1.0, -10.2)
(19.2, 9.1, 12.0);(0.9991904);(-0.8, -4.5, 1.1);(2.2, 1.0, -10.2)
(19.2, 9.1, 12.1);(0.9989809);(-0.8, -4.4, 1.2);(2.2, 1.0, -10.2)
(19.2, 9.0, 12.1);(0.9988857);(-0.7, -4.3, 1.1);(2.2, 1.0, -10.2)
(19.1, 8.9, 12.1);(0.9988625);(-0.7, -4.3, 1.0);(2.2, 1.0, -10.2)
(19.1, 8.8, 12.1);(0.9988383);(-0.7, -4.3, 1.0);(2.2, 1.0, -10.2)
(19.1, 8.7, 12.1);(0.9988778);(-0.8, -4.2, 0.9);(2.2, 1.0, -10.2)
(19.1, 8.6, 12.2);(0.9987822);(-0.7, -4.1, 1.0);(2.2, 1.0, -10.2)
(19.1, 8.6, 12.2);(0.9987379);(-0.8, -4.1, 0.9);(2.2, 1.0, -10.2)
(19.1, 8.5, 12.2);(0.9985486);(-0.7, -3.9, 1.0);(2.2, 1.0, -10.2)
(19.1, 8.4, 12.2);(0.998483);(-0.7, -4.0, 0.9);(2.2, 1.0, -10.2)
(19.0, 8.3, 12.2);(0.9984112);(-0.8, -3.9, 0.8);(2.2, 1.0, -10.2)
(19.0, 8.2, 12.3);(0.9982784);(-0.7, -3.8, 0.8);(2.2, 1.0, -10.2)
(19.0, 8.2, 12.3);(0.9982131);(-0.7, -3.8, 0.8);(2.2, 1.0, -10.2)
(19.0, 8.1, 12.3);(0.9982506);(-0.8, -3.8, 0.7);(2.2, 1.0, -10.2)
(19.0, 8.0, 12.3);(0.9981726);(-0.7, -3.7, 0.7);(2.2, 1.0, -10.2)
(19.0, 7.9, 12.3);(0.9981057);(-0.7, -3.6, 0.7);(2.2, 1.0, -10.2)
(19.0, 7.9, 12.3);(0.9981022);(-0.7, -3.6, 0.6);(2.2, 1.0, -10.2)
(18.9, 7.8, 12.4);(0.9982048);(-0.8, -3.5, 0.6);(2.2, 1.0, -10.2)
(18.9, 7.7, 12.4);(0.9980574);(-0.6, -3.4, 0.7);(2.2, 1.0, -10.2)
(18.9, 7.7, 12.4);(0.9981723);(-0.7, -3.4, 0.5);(2.2, 1.0, -10.2)
(18.9, 7.6, 12.4);(0.9980262);(-0.8, -3.4, 0.6);(2.2, 1.0, -10.2)
(18.9, 7.5, 12.4);(0.9978239);(-0.5, -3.3, 0.6);(2.2, 1.0, -10.2)
(18.9, 7.5, 12.4);(0.9977278);(-0.6, -3.4, 0.6);(2.2, 1.0, -10.2)
(18.9, 7.4, 12.4);(0.9978424);(-0.7, -3.4, 0.4);(2.2, 1.0, -10.2)
(18.9, 7.3, 12.4);(0.9978246);(-0.7, -3.4, 0.5);(2.2, 1.0, -10.2)
(18.8, 7.3, 12.4);(0.9977962);(-0.6, -3.3, 0.4);(2.2, 1.0, -10.2)
(18.8, 7.2, 12.5);(0.9978759);(-0.8, -3.3, 0.4);(2.2, 1.0, -10.2)
(18.8, 7.1, 12.5);(0.9977118);(-0.7, -3.2, 0.5);(2.2, 1.0, -10.2)
(18.8, 7.1, 12.5);(0.9976135);(-0.7, -3.2, 0.4);(2.2, 1.0, -10.2)
(18.8, 7.0, 12.5);(0.9976426);(-0.7, -3.3, 0.3);(2.2, 1.0, -10.2)
(18.8, 6.9, 12.5);(0.997662);(-0.7, -3.1, 0.3);(2.2, 1.0, -10.2)
(18.8, 6.9, 12.5);(0.9977717);(-0.7, -3.0, 0.2);(2.2, 1.0, -10.2)
(18.7, 6.8, 12.5);(0.9976783);(-0.7, -3.0, 0.3);(2.2, 1.0, -10.2)
(18.7, 6.8, 12.5);(0.997669);(-0.6, -3.0, 0.2);(2.2, 1.0, -10.2)
(18.7, 6.7, 12.5);(0.9977895);(-0.7, -3.0, 0.2);(2.2, 1.0, -10.2)
(18.7, 6.6, 12.5);(0.9976767);(-0.8, -2.9, 0.3);(2.2, 1.0, -10.2)
(18.7, 6.6, 12.5);(0.9977396);(-0.6, -2.8, 0.1);(2.2, 1.0, -10.2)
(18.7, 6.5, 12.5);(0.997893);(-0.7, -2.7, 0.0);(2.2, 1.0, -10.2)
(18.7, 6.5, 12.5);(0.9979634);(-0.8, -2.6, 0.1);(2.2, 1.0, -10.2)
(18.6, 6.4, 12.5);(0.9980401);(-0.7, -2.5, 0.0);(2.2, 1.0, -10.2)
(18.6, 6.4, 12.5);(0.9981351);(-0.7, -2.6, 0.0);(2.2, 1.0, -10.2)
(18.6, 6.3, 12.5);(0.998253);(-0.7, -2.6, 0.0);(2.2, 1.0, -10.2)
(18.6, 6.3, 12.5);(0.9983672);(-0.7, -2.7, 0.0);(2.2, 1.0, -10.2)
(18.6, 6.2, 12.5);(0.9985175);(-0.7, -2.6, -0.1);(2.2, 1.0, -10.2)
(18.6, 6.2, 12.5);(0.998517);(-0.8, -2.5, 0.0);(2.2, 1.0, -10.2)
(18.6, 6.1, 12.5);(0.9984164);(-0.6, -2.4, 0.0);(2.2, 1.0, -10.2)
(18.5, 6.1, 12.5);(0.9984881);(-0.7, -2.4, -0.1);(2.2, 1.0, -10.2)
(18.5, 6.0, 12.5);(0.9985331);(-0.8, -2.4, -0.1);(2.2, 1.0, -10.2)
(18.5, 6.0, 12.5);(0.9985508);(-0.7, -2.3, -0.1);(2.2, 1.0, -10.2)
(18.5, 5.9, 12.5);(0.9983684);(-0.7, -2.2, 0.0);(2.2, 1.0, -10.2)
(18.5, 5.9, 12.5);(0.9983504);(-0.8, -2.2, -0.1);(2.2, 1.0, -10.2)
(18.5, 5.8, 12.5);(0.9983037);(-0.7, -2.1, -0.1);(2.2, 1.0, -10.2)
(18.5, 5.8, 12.5);(0.9982098);(-0.7, -2.1, -0.1);(2.2, 1.0, -10.2)
(18.5, 5.8, 12.5);(0.9981964);(-0.6, -2.1, -0.2);(2.2, 1.0, -10.2)
(18.4, 5.7, 12.5);(0.9982557);(-0.7, -2.2, -0.3);(2.2, 1.0, -10.2)
(18.4, 5.7, 12.5);(0.9984028);(-0.7, -2.1, -0.3);(2.2, 1.0, -10.2)
(18.4, 5.6, 12.5);(0.9982892);(-0.7, -2.0, -0.2);(2.2, 1.0, -10.2)
(18.4, 5.6, 12.5);(0.9982655);(-0.7, -2.0, -0.3);(2.2, 1.0, -10.2)
(18.4, 5.6, 12.5);(0.9982445);(-0.7, -1.9, -0.3);(2.2, 1.0, -10.2)
(18.4, 5.5, 12.4);(0.9983476);(-0.8, -1.9, -0.4);(2.2, 1.0, -10.2)
(18.4, 5.5, 12.4);(0.9984087);(-0.8, -1.8, -0.4);(2.2, 1.0, -10.2)
(18.3, 5.4, 12.4);(0.9983712);(-0.7, -1.8, -0.4);(2.2, 1.0, -10.2)
(18.3, 5.4, 12.4);(0.9984506);(-0.7, -1.9, -0.5);(2.2, 1.0, -10.2)
(18.3, 5.4, 12.4);(0.9985141);(-0.8, -1.8, -0.4);(2.2, 1.0, -10.2)
(18.3, 5.3, 12.4);(0.9985284);(-0.7, -1.8, -0.4);(2.2, 1.0, -10.2)
(18.3, 5.3, 12.4);(0.9985676);(-0.7, -1.8, -0.5);(2.2, 1.0, -10.2)
(18.3, 5.3, 12.4);(0.9985346);(-0.7, -1.8, -0.4);(2.2, 1.0, -10.2)
(18.2, 5.2, 12.4);(0.9985191);(-0.7, -1.9, -0.5);(2.2, 1.0, -10.2)
(18.2, 5.2, 12.4);(0.9985026);(-0.7, -1.8, -0.5);(2.2, 1.0, -10.2)
(18.2, 5.2, 12.3);(0.9985473);(-0.7, -1.7, -0.6);(2.2, 1.0, -10.2)
(18.2, 5.1, 12.3);(0.9986251);(-0.8, -1.7, -0.6);(2.2, 1.0, -10.2)
(18.2, 5.1, 12.3);(0.9986632);(-0.8, -1.7, -0.6);(2.2, 1.0, -10.2)
(18.2, 5.1, 12.3);(0.9986494);(-0.7, -1.7, -0.6);(2.2, 1.0, -10.2)
(18.2, 5.0, 12.3);(0.9986764);(-0.7, -1.8, -0.6);(2.2, 1.0, -10.2)
(18.1, 5.0, 12.3);(0.9986663);(-0.8, -1.8, -0.6);(2.2, 1.0, -10.2)
(18.1, 4.9, 12.3);(0.9986712);(-0.8, -1.8, -0.6);(2.2, 1.0, -10.2)
(18.1, 4.9, 12.3);(0.9986783);(-0.7, -1.8, -0.6);(2.2, 1.0, -10.2)
(18.1, 4.9, 12.2);(0.9987813);(-0.8, -1.8, -0.7);(2.2, 1.0, -10.2)
(18.1, 4.8, 12.2);(0.9987925);(-0.8, -1.6, -0.7);(2.2, 1.0, -10.2)
(18.1, 4.8, 12.2);(0.9988343);(-0.7, -1.6, -0.7);(2.2, 1.0, -10.2)
(18.1, 4.8, 12.2);(0.9989814);(-0.8, -1.5, -0.8);(2.2, 1.0, -10.2)
(18.0, 4.7, 12.2);(0.9990248);(-0.7, -1.5, -0.8);(2.2, 1.0, -10.2)
(18.0, 4.7, 12.2);(0.9990984);(-0.8, -1.5, -0.8);(2.2, 1.0, -10.2)
(18.0, 4.7, 12.1);(0.9990386);(-0.7, -1.5, -0.7);(2.2, 1.0, -10.2)
(18.0, 4.7, 12.1);(0.9990791);(-0.7, -1.5, -0.8);(2.2, 1.0, -10.2)
(18.0, 4.6, 12.1);(0.9992524);(-0.7, -1.4, -1.0);(2.2, 1.0, -10.2)
(18.0, 4.6, 12.1);(0.9993207);(-0.8, -1.5, -0.8);(2.2, 1.0, -10.2)
(17.9, 4.6, 12.1);(0.9993376);(-0.8, -1.4, -0.8);(2.2, 1.0, -10.2)
(17.9, 4.5, 12.1);(0.999364);(-0.8, -1.4, -0.8);(2.2, 1.0, -10.2)
(17.9, 4.5, 12.0);(0.9992602);(-0.7, -1.3, -0.7);(2.2, 1.0, -10.2)
(17.9, 4.5, 12.0);(0.9992861);(-0.8, -1.3, -0.9);(2.2, 1.0, -10.2)
(17.9, 4.5, 12.0);(0.9992646);(-0.8, -1.3, -0.8);(2.2, 1.0, -10.2)
(17.9, 4.4, 12.0);(0.99926);(-0.7, -1.3, -0.9);(2.2, 1.0, -10.2)
(17.9, 4.4, 12.0);(0.9993746);(-0.7, -1.3, -1.0);(2.2, 1.0, -10.2)
(17.8, 4.4, 11.9);(0.999441);(-0.8, -1.4, -1.0);(2.2, 1.0, -10.2)
(17.8, 4.4, 11.9);(0.9994991);(-0.8, -1.3, -1.0);(2.2, 1.0, -10.2)
(17.8, 4.3, 11.9);(0.9994891);(-0.7, -1.3, -0.9);(2.2, 1.0, -10.2)
(17.8, 4.3, 11.9);(0.9995815);(-0.8, -1.3, -1.0);(2.2, 1.0, -10.2)
(17.8, 4.3, 11.9);(0.999571);(-0.8, -1.3, -0.9);(2.2, 1.0, -10.2)
(17.8, 4.3, 11.8);(0.9995772);(-0.8, -1.2, -1.0);(2.2, 1.0, -10.2)
(17.8, 4.2, 11.8);(0.9996515);(-0.7, -1.1, -1.1);(2.2, 1.0, -10.2)
(17.7, 4.2, 11.8);(0.9997168);(-0.8, -1.2, -1.1);(2.2, 1.0, -10.2)
(17.7, 4.2, 11.8);(0.9997665);(-0.8, -1.2, -1.1);(2.2, 1.0, -10.2)
(17.7, 4.2, 11.7);(0.9997703);(-0.7, -1.2, -1.0);(2.2, 1.0, -10.2)
(17.7, 4.1, 11.7);(0.9998078);(-0.8, -1.2, -1.1);(2.2, 1.0, -10.2)
(17.7, 4.1, 11.7);(0.9998174);(-0.7, -1.3, -1.1);(2.2, 1.0, -10.2)
(17.7, 4.1, 11.7);(0.999837);(-0.8, -1.4, -1.1);(2.2, 1.0, -10.2)
(17.6, 4.0, 11.7);(0.999824);(-0.7, -1.4, -1.1);(2.2, 1.0, -10.2)
(17.6, 4.0, 11.6);(0.9998509);(-0.8, -1.4, -1.1);(2.2, 1.0, -10.2)
(17.6, 4.0, 11.6);(0.9998564);(-0.8, -1.3, -1.0);(2.2, 1.0, -10.2)
(17.6, 4.0, 11.6);(0.9998414);(-0.7, -1.3, -1.0);(2.2, 1.0, -10.2)
(17.6, 3.9, 11.6);(0.9997896);(-0.6, -1.2, -1.1);(2.2, 1.0, -10.2)
(17.6, 3.9, 11.5);(0.9998059);(-0.8, -1.2, -1.1);(2.2, 1.0, -10.2)
(17.6, 3.9, 11.5);(0.9998295);(-0.8, -1.3, -1.1);(2.2, 1.0, -10.2)
(17.6, 3.9, 11.5);(0.9997768);(-0.7, -1.2, -1.1);(2.2, 1.0, -10.2)
(17.5, 3.8, 11.5);(0.9997615);(-0.7, -1.3, -1.1);(2.2, 1.0, -10.2)
(17.5, 3.8, 11.5);(0.999758);(-0.7, -1.4, -1.1);(2.2, 1.0, -10.2)
(17.5, 3.8, 11.4);(0.9998099);(-0.8, -1.4, -1.2);(2.2, 1.0, -10.2)
(17.5, 3.8, 11.4);(0.999836);(-0.8, -1.2, -1.1);(2.2, 1.0, -10.2)
(17.5, 3.7, 11.4);(0.9998397);(-0.8, -1.2, -1.2);(2.2, 1.0, -10.2)
(17.5, 3.7, 11.4);(0.9998741);(-0.9, -1.1, -1.1);(2.2, 1.0, -10.2)
(17.4, 3.7, 11.3);(0.9998726);(-0.8, -1.1, -1.2);(2.2, 1.0, -10.2)
(17.4, 3.7, 11.3);(0.9998878);(-0.8, -1.1, -1.2);(2.2, 1.0, -10.2)
(17.4, 3.7, 11.3);(0.9999064);(-0.8, -1.1, -1.2);(2.2, 1.0, -10.2)
(17.4, 3.6, 11.3);(0.9998924);(-0.8, -1.1, -1.1);(2.2, 1.0, -10.2)
(17.4, 3.6, 11.2);(0.9998822);(-0.8, -1.0, -1.2);(2.2, 1.0, -10.2)
(17.4, 3.6, 11.2);(0.9998993);(-0.8, -1.0, -1.3);(2.2, 1.0, -10.2)
(17.3, 3.6, 11.2);(0.9999138);(-0.8, -1.0, -1.2);(2.2, 1.0, -10.2)
(17.3, 3.6, 11.2);(0.9999229);(-0.8, -0.9, -1.3);(2.2, 1.0, -10.2)
(17.3, 3.5, 11.1);(0.9999166);(-0.8, -1.0, -1.2);(2.2, 1.0, -10.2)
(17.3, 3.5, 11.1);(0.9999135);(-0.8, -0.9, -1.2);(2.2, 1.0, -10.2)
(17.3, 3.5, 11.1);(0.9999133);(-0.8, -0.9, -1.2);(2.2, 1.0, -10.2)
(17.3, 3.5, 11.1);(0.9999208);(-0.8, -0.9, -1.2);(2.2, 1.0, -10.2)
(17.2, 3.5, 11.0);(0.9999177);(-0.8, -0.9, -1.1);(2.2, 1.0, -10.2)
(17.2, 3.4, 11.0);(0.9999086);(-0.8, -0.9, -1.2);(2.2, 1.0, -10.2)
(17.2, 3.4, 11.0);(0.9999018);(-0.8, -0.8, -1.2);(2.2, 1.0, -10.2)
(17.2, 3.4, 11.0);(0.9998992);(-0.8, -0.9, -1.3);(2.2, 1.0, -10.2)
(17.2, 3.4, 10.9);(0.9998605);(-0.7, -0.8, -1.3);(2.2, 1.0, -10.2)
(17.2, 3.4, 10.9);(0.9998538);(-0.8, -0.9, -1.3);(2.2, 1.0, -10.2)
(17.1, 3.4, 10.9);(0.9998663);(-0.9, -0.8, -1.3);(2.2, 1.0, -10.2)
(17.1, 3.3, 10.8);(0.9998628);(-0.8, -0.8, -1.3);(2.2, 1.0, -10.2)
(17.1, 3.3, 10.8);(0.9998522);(-0.8, -0.8, -1.3);(2.2, 1.0, -10.2)
(17.1, 3.3, 10.8);(0.9998696);(-0.9, -0.7, -1.3);(2.2, 1.0, -10.2)
(17.1, 3.3, 10.8);(0.9998675);(-0.8, -0.8, -1.3);(2.2, 1.0, -10.2)
(17.1, 3.3, 10.7);(0.9998559);(-0.8, -0.8, -1.3);(2.2, 1.0, -10.2)
(17.0, 3.3, 10.7);(0.9998567);(-0.8, -0.8, -1.3);(2.2, 1.0, -10.2)
(17.0, 3.2, 10.7);(0.9998791);(-0.9, -0.8, -1.3);(2.2, 1.0, -10.2)
(17.0, 3.2, 10.7);(0.9998525);(-0.7, -0.8, -1.3);(2.2, 1.0, -10.2)
(17.0, 3.2, 10.6);(0.9998208);(-0.8, -0.8, -1.3);(2.2, 1.0, -10.2)
(17.0, 3.2, 10.6);(0.9998363);(-0.9, -0.8, -1.3);(2.2, 1.0, -10.2)
(17.0, 3.2, 10.6);(0.9998364);(-0.8, -0.8, -1.2);(2.2, 1.0, -10.2)
(16.9, 3.2, 10.6);(0.9998246);(-0.8, -0.8, -1.3);(2.2, 1.0, -10.2)
(16.9, 3.1, 10.5);(0.9998048);(-0.8, -0.8, -1.3);(2.2, 1.0, -10.2)
(16.9, 3.1, 10.5);(0.9998285);(-0.8, -0.8, -1.2);(2.2, 1.0, -10.2)
(16.9, 3.1, 10.5);(0.9998099);(-0.8, -0.8, -1.3);(2.2, 1.0, -10.2)
(16.9, 3.1, 10.5);(0.9997988);(-0.9, -0.9, -1.3);(2.2, 1.0, -10.2)
(16.9, 3.1, 10.4);(0.9997633);(-0.8, -0.9, -1.3);(2.2, 1.0, -10.2)
(16.8, 3.1, 10.4);(0.9997723);(-0.9, -0.8, -1.3);(2.2, 1.0, -10.2)
(16.8, 3.0, 10.4);(0.999779);(-0.8, -0.8, -1.2);(2.2, 1.0, -10.2)
(16.8, 3.0, 10.4);(0.9997793);(-0.8, -1.0, -1.2);(2.2, 1.0, -10.2)
(16.8, 3.0, 10.3);(0.9997607);(-0.8, -1.1, -1.3);(2.2, 1.0, -10.2)
(16.8, 3.0, 10.3);(0.9997561);(-0.9, -1.0, -1.3);(2.2, 1.0, -10.2)
(16.8, 3.0, 10.3);(0.9997595);(-0.8, -1.0, -1.2);(2.2, 1.0, -10.2)
(16.8, 2.9, 10.2);(0.9997554);(-0.8, -1.0, -1.3);(2.2, 1.0, -10.2)
(16.7, 2.9, 10.2);(0.9997833);(-0.9, -1.0, -1.3);(2.2, 1.0, -10.2)
(16.7, 2.9, 10.2);(0.999805);(-0.9, -0.8, -1.3);(2.2, 1.0, -10.2)
(16.7, 2.9, 10.2);(0.9998118);(-0.8, -0.9, -1.3);(2.2, 1.0, -10.2)
(16.7, 2.9, 10.1);(0.9997835);(-0.8, -0.9, -1.3);(2.2, 1.0, -10.2)
(16.7, 2.9, 10.1);(0.999745);(-0.8, -0.9, -1.3);(2.2, 1.0, -10.2)
(16.6, 2.8, 10.1);(0.9997366);(-0.9, -0.8, -1.3);(2.2, 1.0, -10.2)
(16.6, 2.8, 10.1);(0.9997658);(-0.9, -0.8, -1.3);(2.2, 1.0, -10.2)
(16.6, 2.8, 10.0);(0.9997796);(-0.8, -0.8, -1.2);(2.2, 1.0, -10.2)
(16.6, 2.8, 10.0);(0.9997631);(-0.8, -0.9, -1.3);(2.2, 1.0, -10.2)
(16.6, 2.8, 10.0);(0.9997373);(-0.8, -0.9, -1.3);(2.2, 1.0, -10.2)
(16.6, 2.8, 10.0);(0.9997506);(-0.8, -0.7, -1.3);(2.2, 1.0, -10.2)
(16.5, 2.7, 9.9);(0.999795);(-0.8, -0.7, -1.2);(2.2, 1.0, -10.2)
(16.5, 2.7, 9.9);(0.9997696);(-0.8, -0.7, -1.3);(2.2, 1.0, -10.2)
(16.5, 2.7, 9.9);(0.9997534);(-0.8, -0.7, -1.3);(2.2, 1.0, -10.2)
(16.5, 2.7, 9.9);(0.9997143);(-0.8, -0.6, -1.4);(2.2, 1.0, -10.2)
(16.5, 2.7, 9.8);(0.9996877);(-0.8, -0.7, -1.3);(2.2, 1.0, -10.2)
(16.5, 2.7, 9.8);(0.9996867);(-0.9, -0.7, -1.3);(2.2, 1.0, -10.2)
(16.4, 2.7, 9.8);(0.9996995);(-0.8, -0.7, -1.3);(2.2, 1.0, -10.2)
(16.4, 2.7, 9.8);(0.9997132);(-0.9, -0.7, -1.3);(2.2, 1.0, -10.2)
(16.4, 2.6, 9.7);(0.9997324);(-0.8, -0.6, -1.2);(2.2, 1.0, -10.2)
(16.4, 2.6, 9.7);(0.9997436);(-0.8, -0.8, -1.3);(2.2, 1.0, -10.2)
(16.4, 2.6, 9.7);(0.999709);(-0.8, -0.8, -1.4);(2.2, 1.0, -10.2)
(16.4, 2.6, 9.6);(0.9996974);(-0.9, -0.8, -1.3);(2.2, 1.0, -10.2)
(16.3, 2.6, 9.6);(0.9997415);(-0.9, -0.9, -1.3);(2.2, 1.0, -10.2)
(16.3, 2.6, 9.6);(0.9997276);(-0.8, -0.8, -1.3);(2.2, 1.0, -10.2)
(16.3, 2.5, 9.6);(0.9996551);(-0.9, -0.8, -1.4);(2.2, 1.0, -10.2)
(16.3, 2.5, 9.5);(0.9996784);(-0.9, -0.7, -1.3);(2.2, 1.0, -10.2)
(16.3, 2.5, 9.5);(0.9997045);(-0.9, -0.7, -1.3);(2.2, 1.0, -10.2)
(16.3, 2.5, 9.5);(0.9996828);(-0.9, -0.8, -1.3);(2.2, 1.0, -10.2)
(16.2, 2.5, 9.5);(0.9996638);(-0.8, -0.7, -1.3);(2.2, 1.0, -10.2)
(16.2, 2.5, 9.4);(0.9996478);(-0.8, -0.7, -1.3);(2.2, 1.0, -10.2)
(16.2, 2.5, 9.4);(0.9996313);(-0.8, -0.7, -1.3);(2.2, 1.0, -10.2)
(16.2, 2.4, 9.4);(0.9996114);(-0.8, -0.7, -1.3);(2.2, 1.0, -10.2)
(16.2, 2.4, 9.4);(0.9996353);(-0.9, -0.7, -1.3);(2.2, 1.0, -10.2)
(16.2, 2.4, 9.3);(0.9996166);(-0.8, -0.6, -1.3);(2.2, 1.0, -10.2)
(16.1, 2.4, 9.3);(0.9995984);(-0.8, -0.7, -1.3);(2.2, 1.0, -10.2)
(16.1, 2.4, 9.3);(0.9995986);(-0.8, -0.7, -1.3);(2.2, 1.0, -10.2)
(16.1, 2.4, 9.2);(0.9995567);(-0.8, -0.6, -1.3);(2.2, 1.0, -10.2)
(16.1, 2.4, 9.2);(0.999541);(-0.9, -0.6, -1.3);(2.2, 1.0, -10.2)
(16.1, 2.3, 9.2);(0.9995507);(-0.8, -0.7, -1.3);(2.2, 1.0, -10.2)
(16.1, 2.3, 9.2);(0.9995928);(-0.8, -0.7, -1.2);(2.2, 1.0, -10.2)
(16.0, 2.3, 9.1);(0.9995588);(-0.7, -0.7, -1.3);(2.2, 1.0, -10.2)
(16.0, 2.3, 9.1);(0.999512);(-0.8, -0.8, -1.3);(2.2, 1.0, -10.2)
(16.0, 2.3, 9.1);(0.9994786);(-0.9, -0.8, -1.3);(2.2, 1.0, -10.2)
(16.0, 2.3, 9.1);(0.9995744);(-0.7, -0.8, -1.2);(2.2, 1.0, -10.2)
(16.0, 2.3, 9.0);(0.9995417);(-0.8, -0.7, -1.3);(2.2, 1.0, -10.2)
(16.0, 2.2, 9.0);(0.9995508);(-0.8, -0.8, -1.3);(2.2, 1.0, -10.2)
(15.9, 2.2, 9.0);(0.9995494);(-0.8, -0.8, -1.3);(2.2, 1.0, -10.2)
(15.9, 2.2, 9.0);(0.9995394);(-0.8, -0.8, -1.3);(2.2, 1.0, -10.2)
(15.9, 2.2, 8.9);(0.9996083);(-0.8, -0.8, -1.2);(2.2, 1.0, -10.2)
(15.9, 2.2, 8.9);(0.9995966);(-0.8, -0.7, -1.3);(2.2, 1.0, -10.2)
(15.9, 2.2, 8.9);(0.9995877);(-0.8, -0.7, -1.3);(2.2, 1.0, -10.2)
(15.9, 2.2, 8.9);(0.9995502);(-0.8, -0.6, -1.3);(2.2, 1.0, -10.2)
(15.8, 2.1, 8.8);(0.9995524);(-0.8, -0.6, -1.3);(2.2, 1.0, -10.2)
(15.8, 2.1, 8.8);(0.9995577);(-0.8, -0.5, -1.3);(2.2, 1.0, -10.2)
(15.8, 2.1, 8.8);(0.9996179);(-0.6, -0.5, -1.2);(2.2, 1.0, -10.2)
(15.8, 2.1, 8.8);(0.9996316);(-0.7, -0.6, -1.2);(2.2, 1.0, -10.2)
(15.8, 2.1, 8.7);(0.999603);(-0.8, -0.6, -1.3);(2.2, 1.0, -10.2)
(15.8, 2.1, 8.7);(0.9995459);(-0.7, -0.6, -1.3);(2.2, 1.0, -10.2)
(15.8, 2.1, 8.7);(0.999526);(-0.8, -0.6, -1.3);(2.2, 1.0, -10.2)
(15.7, 2.1, 8.7);(0.9995546);(-0.8, -0.6, -1.2);(2.2, 1.0, -10.2)
(15.7, 2.0, 8.6);(0.999541);(-0.8, -0.6, -1.3);(2.2, 1.0, -10.2)
(15.7, 2.0, 8.6);(0.9994838);(-0.9, -0.4, -1.3);(2.2, 1.0, -10.2)
(15.7, 2.0, 8.6);(0.9994751);(-0.8, -0.5, -1.3);(2.2, 1.0, -10.2)
(15.7, 2.0, 8.6);(0.999445);(-0.8, -0.4, -1.3);(2.2, 1.0, -10.2)
(15.7, 2.0, 8.5);(0.9994713);(-0.7, -0.3, -1.2);(2.2, 1.0, -10.2)
(15.7, 2.0, 8.5);(0.9994855);(-0.7, -0.4, -1.2);(2.2, 1.0, -10.2)
(15.6, 2.0, 8.5);(0.9994443);(-0.9, -0.3, -1.3);(2.2, 1.0, -10.2)
(15.6, 2.0, 8.4);(0.9994324);(-0.8, -0.4, -1.3);(2.2, 1.0, -10.2)
(15.6, 2.0, 8.4);(0.999472);(-0.7, -0.3, -1.2);(2.2, 1.0, -10.2)
(15.6, 2.0, 8.4);(0.9994798);(-0.8, -0.5, -1.2);(2.2, 1.0, -10.2)
(15.6, 2.0, 8.4);(0.9995072);(-0.8, -0.4, -1.2);(2.2, 1.0, -10.2)
(15.6, 2.0, 8.4);(0.9995133);(-0.8, -0.4, -1.2);(2.2, 1.0, -10.2)
(15.5, 2.0, 8.3);(0.9995084);(-0.9, -0.3, -1.3);(2.2, 1.0, -10.2)
(15.5, 2.0, 8.3);(0.9995378);(-0.8, -0.3, -1.2);(2.2, 1.0, -10.2)
(15.5, 1.9, 8.3);(0.9995359);(-0.7, -0.4, -1.2);(2.2, 1.0, -10.2)
(15.5, 1.9, 8.3);(0.9995525);(-0.8, -0.4, -1.2);(2.2, 1.0, -10.2)
(15.5, 1.9, 8.2);(0.9995456);(-0.7, -0.4, -1.2);(2.2, 1.0, -10.2)
(15.5, 1.9, 8.2);(0.9995003);(-0.8, -0.4, -1.3);(2.2, 1.0, -10.2)
(15.4, 1.9, 8.2);(0.999495);(-0.8, -0.3, -1.2);(2.2, 1.0, -10.2)
(15.4, 1.9, 8.2);(0.9995374);(-0.8, -0.3, -1.2);(2.2, 1.0, -10.2)
(15.4, 1.9, 8.1);(0.999579);(-0.8, -0.2, -1.2);(2.2, 1.0, -10.2)
(15.4, 1.9, 8.1);(0.9995963);(-0.7, -0.2, -1.2);(2.2, 1.0, -10.2)
(15.4, 1.9, 8.1);(0.9995978);(-0.8, -0.2, -1.2);(2.2, 1.0, -10.2)
(15.4, 1.9, 8.1);(0.9995885);(-0.8, -0.1, -1.2);(2.2, 1.0, -10.2)
(15.3, 1.9, 8.0);(0.9995864);(-0.8, -0.2, -1.2);(2.2, 1.0, -10.2)
(15.3, 1.9, 8.0);(0.9995723);(-0.7, -0.2, -1.3);(2.2, 1.0, -10.2)
(15.3, 1.9, 8.0);(0.9995891);(-0.7, -0.2, -1.2);(2.2, 1.0, -10.2)
(15.3, 1.9, 8.0);(0.9995632);(-0.8, -0.1, -1.3);(2.2, 1.0, -10.2)
(15.3, 1.9, 7.9);(0.9995496);(-0.8, 0.0, -1.2);(2.2, 1.0, -10.2)
(15.3, 1.9, 7.9);(0.9995002);(-0.7, 0.0, -1.3);(2.2, 1.0, -10.2)
(15.3, 1.9, 7.9);(0.999472);(-0.8, -0.1, -1.3);(2.2, 1.0, -10.2)
(15.2, 1.9, 7.9);(0.9994583);(-0.8, -0.2, -1.2);(2.2, 1.0, -10.2)
(15.2, 1.9, 7.8);(0.9994663);(-0.7, -0.2, -1.2);(2.2, 1.0, -10.2)
(15.2, 1.9, 7.8);(0.999487);(-0.7, -0.2, -1.2);(2.2, 1.0, -10.2)
(15.2, 1.9, 7.8);(0.9994946);(-0.7, -0.3, -1.2);(2.2, 1.0, -10.2)
(15.2, 1.9, 7.8);(0.9994577);(-0.8, -0.2, -1.3);(2.2, 1.0, -10.2)
(15.2, 1.9, 7.7);(0.9994988);(-0.7, -0.1, -1.2);(2.2, 1.0, -10.2)
(15.2, 1.9, 7.7);(0.9995112);(-0.7, -0.2, -1.2);(2.2, 1.0, -10.2)
(15.1, 1.8, 7.7);(0.9994479);(-0.7, -0.2, -1.3);(2.2, 1.0, -10.2)
(15.1, 1.8, 7.7);(0.9994324);(-0.7, -0.3, -1.2);(2.2, 1.0, -10.2)
(15.1, 1.8, 7.6);(0.9994356);(-0.8, -0.3, -1.2);(2.2, 1.0, -10.2)
(15.1, 1.8, 7.6);(0.9994988);(-0.7, -0.4, -1.1);(2.2, 1.0, -10.2)
(15.1, 1.8, 7.6);(0.9994922);(-0.7, -0.4, -1.2);(2.2, 1.0, -10.2)
(15.1, 1.8, 7.6);(0.999561);(-0.7, -0.2, -1.1);(2.2, 1.0, -10.2)
(15.1, 1.8, 7.5);(0.9995835);(-0.7, -0.3, -1.2);(2.2, 1.0, -10.2)
(15.0, 1.8, 7.5);(0.9995764);(-0.8, -0.3, -1.2);(2.2, 1.0, -10.2)
(15.0, 1.8, 7.5);(0.9995238);(-0.7, -0.3, -1.3);(2.2, 1.0, -10.2)
(15.0, 1.8, 7.5);(0.9994847);(-0.7, -0.4, -1.2);(2.2, 1.0, -10.2)
(15.0, 1.8, 7.4);(0.9995024);(-0.7, -0.4, -1.2);(2.2, 1.0, -10.2)
(15.0, 1.8, 7.4);(0.9994799);(-0.7, -0.4, -1.2);(2.2, 1.0, -10.2)
(15.0, 1.8, 7.4);(0.999473);(-0.7, -0.5, -1.2);(2.2, 1.0, -10.2)
(15.0, 1.8, 7.4);(0.9995869);(-0.8, -0.4, -1.1);(2.2, 1.0, -10.2)
(14.9, 1.7, 7.4);(0.9996193);(-0.6, -0.4, -1.1);(2.2, 1.0, -10.2)
(14.9, 1.7, 7.3);(0.9996113);(-0.7, -0.5, -1.2);(2.2, 1.0, -10.2)
(14.9, 1.7, 7.3);(0.9996438);(-0.7, -0.5, -1.2);(2.2, 1.0, -10.2)
(14.9, 1.7, 7.3);(0.9996457);(-0.7, -0.4, -1.2);(2.2, 1.0, -10.2)
(14.9, 1.7, 7.3);(0.9996518);(-0.8, -0.3, -1.2);(2.2, 1.0, -10.2)
(14.9, 1.7, 7.2);(0.9996107);(-0.7, -0.3, -1.2);(2.2, 1.0, -10.2)
(14.9, 1.7, 7.2);(0.9995932);(-0.8, -0.3, -1.2);(2.2, 1.0, -10.2)
(14.8, 1.7, 7.2);(0.9995999);(-0.7, -0.3, -1.2);(2.2, 1.0, -10.2)
(14.8, 1.7, 7.2);(0.9996077);(-0.7, -0.2, -1.2);(2.2, 1.0, -10.2)
(14.8, 1.7, 7.1);(0.999594);(-0.7, -0.2, -1.2);(2.2, 1.0, -10.2)
(14.8, 1.7, 7.1);(0.9995797);(-0.7, -0.2, -1.2);(2.2, 1.0, -10.2)
(14.8, 1.7, 7.1);(0.9996053);(-0.8, -0.1, -1.2);(2.2, 1.0, -10.2)
(14.8, 1.7, 7.1);(0.9996186);(-0.6, 0.0, -1.2);(2.2, 1.0, -10.2)
(14.8, 1.7, 7.0);(0.9995739);(-0.7, -0.1, -1.3);(2.2, 1.0, -10.2)
(14.7, 1.7, 7.0);(0.9995601);(-0.8, -0.1, -1.2);(2.2, 1.0, -10.2)
(14.7, 1.7, 7.0);(0.9995539);(-0.7, -0.2, -1.2);(2.2, 1.0, -10.2)
(14.7, 1.7, 7.0);(0.9995531);(-0.7, -0.2, -1.2);(2.2, 1.0, -10.2)
(14.7, 1.7, 7.0);(0.999568);(-0.7, -0.3, -1.2);(2.2, 1.0, -10.2)
(14.7, 1.7, 6.9);(0.9995536);(-0.7, -0.2, -1.2);(2.2, 1.0, -10.2)
(14.7, 1.7, 6.9);(0.9995754);(-0.7, -0.2, -1.2);(2.2, 1.0, -10.2)
(14.7, 1.7, 6.9);(0.9995737);(-0.7, -0.1, -1.2);(2.2, 1.0, -10.2)
(14.6, 1.7, 6.9);(0.9995664);(-0.7, 0.0, -1.2);(2.2, 1.0, -10.2)
(14.6, 1.7, 6.8);(0.9996386);(-0.7, 0.0, -1.1);(2.2, 1.0, -10.2)
(14.6, 1.7, 6.8);(0.9996411);(-0.6, 0.0, -1.2);(2.2, 1.0, -10.2)
(14.6, 1.7, 6.8);(0.9996291);(-0.7, 0.0, -1.2);(2.2, 1.0, -10.2)
(14.6, 1.7, 6.8);(0.9996675);(-0.7, -0.1, -1.1);(2.2, 1.0, -10.2)
(14.6, 1.7, 6.7);(0.9996703);(-0.6, -0.1, -1.2);(2.2, 1.0, -10.2)
(14.6, 1.7, 6.7);(0.9996631);(-0.7, -0.1, -1.2);(2.2, 1.0, -10.2)
(14.5, 1.6, 6.7);(0.9996877);(-0.6, -0.1, -1.1);(2.2, 1.0, -10.2)
(14.5, 1.6, 6.7);(0.9996918);(-0.7, -0.1, -1.2);(2.2, 1.0, -10.2)
(14.5, 1.6, 6.6);(0.9996568);(-0.7, -0.1, -1.2);(2.2, 1.0, -10.2)
(14.5, 1.6, 6.6);(0.9996431);(-0.7, -0.2, -1.2);(2.2, 1.0, -10.2)
(14.5, 1.6, 6.6);(0.9996649);(-0.6, -0.2, -1.1);(2.2, 1.0, -10.2)
(14.5, 1.6, 6.6);(0.9996452);(-0.7, -0.2, -1.2);(2.2, 1.0, -10.2)
(14.5, 1.6, 6.6);(0.9996447);(-0.7, -0.2, -1.2);(2.2, 1.0, -10.2)
(14.5, 1.6, 6.5);(0.9996235);(-0.7, -0.2, -1.2);(2.2, 1.0, -10.2)
(14.4, 1.6, 6.5);(0.9996345);(-0.7, -0.2, -1.2);(2.2, 1.0, -10.2)
(14.4, 1.6, 6.5);(0.9996393);(-0.6, -0.1, -1.2);(2.2, 1.0, -10.2)
(14.4, 1.6, 6.5);(0.9996108);(-0.6, -0.1, -1.2);(2.2, 1.0, -10.2)
(14.4, 1.6, 6.4);(0.9996045);(-0.7, -0.1, -1.2);(2.2, 1.0, -10.2)
(14.4, 1.6, 6.4);(0.999614);(-0.7, -0.1, -1.2);(2.2, 1.0, -10.2)
(14.4, 1.6, 6.4);(0.9996275);(-0.7, -0.2, -1.2);(2.2, 1.0, -10.2)
(14.4, 1.6, 6.4);(0.9996673);(-0.6, -0.2, -1.1);(2.2, 1.0, -10.2)
(14.4, 1.6, 6.3);(0.9996313);(-0.6, -0.2, -1.2);(2.2, 1.0, -10.2)
(14.3, 1.6, 6.3);(0.9996616);(-0.7, -0.3, -1.1);(2.2, 1.0, -10.2)
(14.3, 1.6, 6.3);(0.9996729);(-0.6, -0.2, -1.2);(2.2, 1.0, -10.2)
(14.3, 1.6, 6.3);(0.9996084);(-0.7, -0.2, -1.3);(2.2, 1.0, -10.2)
(14.3, 1.6, 6.2);(0.999611);(-0.6, -0.2, -1.2);(2.2, 1.0, -10.2)
(14.3, 1.6, 6.2);(0.9995947);(-0.7, -0.2, -1.2);(2.2, 1.0, -10.2)
(14.3, 1.6, 6.2);(0.9996237);(-0.7, -0.2, -1.1);(2.2, 1.0, -10.2)
(14.3, 1.6, 6.2);(0.9996315);(-0.7, -0.2, -1.2);(2.2, 1.0, -10.2)
(14.2, 1.6, 6.2);(0.9996321);(-0.6, -0.3, -1.2);(2.2, 1.0, -10.2)
(14.2, 1.6, 6.1);(0.9996069);(-0.7, -0.3, -1.2);(2.2, 1.0, -10.2)
(14.2, 1.6, 6.1);(0.9995532);(-0.7, -0.3, -1.2);(2.2, 1.0, -10.2)
(14.2, 1.6, 6.1);(0.9995865);(-0.7, -0.2, -1.1);(2.2, 1.0, -10.2)
(14.2, 1.6, 6.1);(0.9995591);(-0.6, -0.1, -1.2);(2.2, 1.0, -10.2)
(14.2, 1.5, 6.0);(0.9995426);(-0.6, -0.2, -1.2);(2.2, 1.0, -10.2)
(14.2, 1.5, 6.0);(0.9995717);(-0.6, -0.1, -1.1);(2.2, 1.0, -10.2)
(14.1, 1.5, 6.0);(0.9996215);(-0.7, -0.1, -1.1);(2.2, 1.0, -10.2)
(14.1, 1.5, 6.0);(0.9996386);(-0.6, -0.1, -1.1);(2.2, 1.0, -10.2)
(14.1, 1.5, 5.9);(0.9996629);(-0.6, -0.2, -1.1);(2.2, 1.0, -10.2)
(14.1, 1.5, 5.9);(0.99962);(-0.6, -0.2, -1.2);(2.2, 1.0, -10.2)
(14.1, 1.5, 5.9);(0.9996098);(-0.7, -0.3, -1.2);(2.2, 1.0, -10.2)
(14.1, 1.5, 5.9);(0.9996146);(-0.7, -0.3, -1.2);(2.2, 1.0, -10.2)
(14.1, 1.5, 5.9);(0.9996344);(-0.7, -0.4, -1.1);(2.2, 1.0, -10.2)
(14.1, 1.5, 5.8);(0.9996142);(-0.6, -0.4, -1.2);(2.2, 1.0, -10.2)
(14.0, 1.5, 5.8);(0.9996052);(-0.7, -0.4, -1.2);(2.2, 1.0, -10.2)
(14.0, 1.5, 5.8);(0.9996886);(-0.6, -0.2, -1.0);(2.2, 1.0, -10.2)
(14.0, 1.5, 5.8);(0.9997016);(-0.6, -0.2, -1.1);(2.2, 1.0, -10.2)
(14.0, 1.5, 5.7);(0.999641);(-0.6, -0.1, -1.3);(2.2, 1.0, -10.2)
(14.0, 1.5, 5.7);(0.9996233);(-0.7, -0.1, -1.2);(2.2, 1.0, -10.2)
